#include "stdafx.h"
#include "CppUnitTest.h"
#include "Utils.h"
using namespace Microsoft::VisualStudio::CppUnitTestFramework;

namespace UnitTest1
{		
	TEST_CLASS(UnitTest1)
	{
	public:
		
		TEST_METHOD(TestEOM)
		{
			//Set up:
			double h = 50e-3;
			Eigen::MatrixXcd n = Eigen::MatrixXcd::Zero(6, 6);
			n << 5.35074965924580, 2.01363016810541, 2.01681054066334, 0.432757837346661, -0.0674693321217628, -0.148568832348932,
				0, 4.90345297592004, 2.46319854611540, -0.321217628350750, 0.0533848250795093, 0.503407542026352,
				0, 0, 4.90163562017265, -0.111313039527488, 0.0138573375738301, -0.353702862335302,
				0, 0, 0, 1.32303498409814, -0.401635620172649, -0.159472966833258,
				0, 0, 0, 0, 0.901635620172649, 0.264879600181736,
				0, 0, 0, 0, 0, 1;
			Eigen::MatrixXcd d(50, 50);
			d << 1601, -1946.84409911179, 487.21153895798, -216.909823377488, 122.304945696252, -78.5171980210932, 54.7321089588006, -40.3913387161784, 31.0845486342903, -24.7047939086127, 20.1423684626563, -16.767689084847, 14.2019910175529, -12.2063193982728, 10.6238822208455, -9.34834247377354, 8.30551967599012, -7.44239064359095, 6.72024203923197, -6.11027569948016, 5.59071171055369, -5.14483305686233, 4.75963767300918, -4.42489146807793, 4.13245159278733, -3.87577528771548, 3.64955836277925, -3.44946564511793, 3.27192761195117, -3.11398528270686, 2.97317072927879, -2.84741417214505, 2.73497112977557, -2.63436484311214, 2.54434044334163, -2.46382822695923, 2.39191405284425, -2.32781535359647, 2.27086160718974, -2.22047837955852, 2.17617424831514, -2.13753006967019, 2.10419016720337, -2.07585511141087, 2.05227582953178, -2.03324884090883, 2.01861245771429, -2.00824382702973, 2.0020567201257, -1,
				486.711024777948, -243.105255298958, -324.919070570598, 122.053657068155, -65.2517270937149, 40.9084576036774, -28.157657663215, 20.6235478445581, -15.7944586697057, 12.5111593396379, -10.1764716769227, 8.45667984463886, -7.15317706583191, 6.14166670928964, -5.34108729752939, 4.69672393324947, -4.17055201861504, 3.73547528717087, -3.37175987785208, 3.06475675488649, -2.80340633895749, 2.57923254459951, -2.38565126841683, 2.21748575434643, -2.07062098190371, 1.94175328435653, -1.8282063411423, 1.72779417022144, -1.63871788695463, 1.55948704741113, -1.48885911236008, 1.42579242076742, -1.36940934246103, 1.31896717708021, -1.27383500310762, 1.23347513773574, -1.19742819986629, 1.16530101157401, -1.13675675325301, 1.11150692204928, -1.08930474447682, 1.06993977113503, -1.05323344052011, 1.03903544464204, -1.02722076487613, 1.0176872746771, -1.01035382831592, 1.00515877306727, -1.00205883735181, 0.500514180031426,
				-121.802884739495, 324.919070570598, -60.6504118913687, -195.487047938065, 81.6488135802246, -46.8008497436386, 30.8293449196921, -22.021303295859, 16.6014630784941, -13.0122001340437, 10.5055042773881, -8.68266383544, 7.31420108754422, -6.259994010758, 5.43035256301376, -4.76561111722274, 4.22477987356663, -3.77892014495929, 3.40711630689327, -3.09393993983519, 2.8278046777345, -2.59987051649854, 2.40329698087296, -2.23272349503967, 2.08390111769548, -1.95342718718348, 1.83855122797085, -1.73703103059682, 1.64702459749467, -1.56700808583079, 1.49571283652661, -1.4320765823387, 1.37520530571471, -1.32434317787863, 1.27884868919602, -1.23817556598117, 1.20185741962229, -1.16949533014341, 1.14074775541997, -1.1153222981444, 1.09296896855861, -1.07347466131994, 1.05665862636268, -1.04236876111152, 1.030478588438, -1.02088481393581, 1.01350537937221, -1.00827794801553, 1.00515877306727, -0.502060956757433,
				54.227455844372, -122.053657068155, 195.487047938065, -26.8614013649717, -140.210234500569, 61.5320054482355, -36.6016136368823, 24.8168857888086, -18.1421605950825, 13.9400943307839, -11.1021347192048, 9.08623386748936, -7.59850107260811, 6.46708662358164, -5.58551010113909, 4.88469080589943, -4.31810076304848, 3.85340961823499, -3.46755177992846, 3.14369465532841, -2.86931049474123, 2.6349134197797, -2.43321061342692, 2.25851879985197, -2.10635496056064, 1.97314405994607, -1.85600693083093, 1.75260407079272, -1.66101907592076, 1.57967059530082, -1.50724508815105, 1.44264494512454, -1.38494808908753, 1.33337624555741, -1.28726982680084, 1.24606790900212, -1.20929216672395, 1.17653390853672, -1.14744356305959, 1.12172211696909, -1.09911412057438, 1.07940196273761, -1.06240118264012, 1.0479566364843, -1.03593937654498, 1.02624413088114, -1.01878729659602, 1.01350537937221, -1.01035382831592, 0.504653114428574,
				-30.5762364240631, 65.2517270937149, -81.6488135802246, 140.210234500569, -15.033962106918, -109.654437029191, 49.5317936707057, -30.1540895976101, 20.8385084649818, -15.4790664875413, 12.0568183953809, -9.7158641830388, 8.03388651745483, -6.77979953680974, 5.81725002282958, -5.06100788261536, 4.4553124889005, -3.96230600606684, 3.55548273979598, -3.21579697947768, 2.92925579345556, -2.6853786389425, 2.47618232033607, -2.29549483268618, 2.1384810039032, -2.00130797361707, 1.88090506215515, -1.77478862659816, 1.68093246454672, -1.59767066050552, 1.52362388261957, -1.45764285958253, 1.39876460089923, -1.34617817839602, 1.29919775830505, -1.25724118677529, 1.21981286910154, -1.18648999854974, 1.15691142086347, -1.13076859022654, 1.10779819879002, -1.08777615683901, 1.07051267274357, -1.05584823705888, 1.043650357879, -1.03381092799172, 1.02624413088114, -1.02088481393581, 1.0176872746771, -0.508312210227207,
				19.6292995052733, -40.9084576036774, 46.8008497436386, -61.5320054482355, 109.654437029191, -9.5581152739451, -90.3383591706419, 41.5913870288349, -25.7277602249426, 18.023272026077, -13.5462693866455, 10.6604245678321, -8.66902706973798, 7.22661211257925, -6.14314866091612, 5.30589707878083, -4.64400046002664, 4.11084940975958, -3.67463054476403, 3.312954836891, -3.00965424679283, 2.75279307207867, -2.53339055628096, 2.34457594711486, -2.181015165093, 2.03851296375902, -1.91373133951909, 1.80398667011929, -1.70710123587409, 1.62129298074718, -1.54509259878045, 1.47728043500608, -1.41683794860325, 1.36291001128871, -1.31477536051924, 1.27182325589101, -1.23353490159025, 1.19946856553839, -1.16924759192562, 1.14255069843423, -1.11910409331118, 1.09867505487898, -1.08106669710119, 1.06611370654702, -1.05367888361647, 1.043650357879, -1.03593937654498, 1.030478588438, -1.02722076487613, 0.513068957382945,
				-13.6830272397002, 28.157657663215, -30.8293449196921, 36.6016136368823, -49.5317936707057, 90.3383591706419, -6.58203173092379, -77.0775597894762, 35.9724825614192, -22.5152576870579, 15.9358568404018, -12.0867247415622, 9.5892259792013, -7.85497000991947, 6.59137220286873, -5.63697703481223, 4.89567093865822, -4.30683190904065, 3.83043863027584, -3.43907513285868, 3.11337751502562, -2.83931268981063, 2.60648514092618, -2.40704668277837, 2.23497354149402, -2.08557459842685, 1.95514929885562, -1.84074491230312, 1.73998122310915, -1.65092190156602, 1.57197877192145, -1.5018396403939, 1.43941324584304, -1.38378682299824, 1.33419307181152, -1.28998422260665, 1.25061151181785, -1.21560882519327, 1.18457958197261, -1.15718616304689, 1.13314135433269, -1.11220140123681, 1.09416036341342, -1.07884552962796, 1.06611370654702, -1.05584823705888, 1.0479566364843, -1.04236876111152, 1.03903544464204, -0.518963777852718,
				10.0978346790446, -20.6235478445581, 22.021303295859, -24.8168857888086, 30.1540895976101, -41.5913870288349, 77.0775597894762, -4.78589356862182, -67.4532530378301, 31.8062298268159, -20.0893481726485, 14.3345634540604, -10.9517319070953, 8.74630554147389, -7.20775094321935, 6.08175938212484, -5.22771536588508, 4.56172562294175, -4.03075039499926, 3.59968731580348, -3.24442904906543, 2.94790491639831, -2.69771203434662, 2.48463920882403, -2.30171504498279, 2.14357574874341, -2.00603436438867, 1.88578060178175, -1.78016747165052, 1.68705692231454, -1.60470638259697, 1.53168417645666, -1.46680564752112, 1.40908435932731, -1.35769441892624, 1.31194111042273, -1.27123780878769, 1.23508769170151, -1.20306915481834, 1.17482411386278, -1.1500485787918, 1.12848503344968, -1.10991626417474, 1.09416036341342, -1.08106669710119, 1.07051267274357, -1.06240118264012, 1.05665862636268, -1.05323344052011, 0.526047541800844,
				-7.77113715857257, 15.7944586697057, -16.6014630784941, 18.1421605950825, -20.8385084649818, 25.7277602249426, -35.9724825614192, 67.4532530378301, -3.61837732057761, -60.1854930771523, 28.6102231121339, -18.2028763026754, 13.0745142563947, -10.0493516695248, 8.07008376232166, -6.6844463134478, 5.66690816307376, -4.89260231674068, 4.2869204934623, -3.80261644943974, 3.40836788489057, -3.0826246512607, 2.81009855922898, -2.57966096831969, 2.38303150061093, -2.21393158544831, 2.0675216812323, -1.9400173802625, 1.82842158061771, -1.73033388262604, 1.64381252396452, -1.56727277753108, 1.49941111262328, -1.43914785730797, 1.38558334480418, -1.33796402147575, 1.29565600700813, -1.25812429499939, 1.22491626989701, -1.19564856189092, 1.16999650957994, -1.14768568064434, 1.12848503344968, -1.11220140123681, 1.09867505487898, -1.08777615683901, 1.07940196273761, -1.07347466131994, 1.06993977113503, -0.534382517417548,
				6.17619847715319, -12.5111593396379, 13.0122001340437, -13.9400943307839, 15.4790664875413, -18.023272026077, 22.5152576870579, -31.8062298268159, 60.1854930771523, -2.81607745753713, -54.5338293847937, 26.0953025292354, -16.7030298873488, 12.0636564433345, -9.31973818866336, 7.51960422567913, -6.25595221436973, 5.32552519526226, -4.61568894796536, 4.05907537325496, -3.61297443373248, 3.24903616442125, -2.94772992505974, 2.695181402065, -2.48127712853084, 2.29848154302962, -2.14107287029988, 2.0046347156124, -1.88570899053627, 1.78155357626163, -1.68996971638553, 1.60917688083949, -1.53772059946237, 1.47440360892015, -1.41823375556395, 1.36838412154605, -1.32416219028211, 1.28498578184975, -1.25036411911266, 1.21988282620029, -1.19319197368761, 1.16999650957994, -1.1500485787918, 1.13314135433269, -1.11910409331118, 1.10779819879002, -1.09911412057438, 1.09296896855861, -1.08930474447682, 0.544043562078785,
				-5.03559211566407, 10.1764716769227, -10.5055042773881, 11.1021347192048, -12.0568183953809, 13.5462693866455, -15.9358568404018, 20.0893481726485, -28.6102231121339, 54.5338293847937, -2.24023626038715, -50.0404533294507, 24.0777407346972, -15.4903391409399, 11.24076585078, -8.72231356566044, 7.06661209426299, -5.90187544899457, 5.0424793748109, -4.38549782361496, 3.86932488722251, -3.45487176080079, 3.1161689387106, -2.83530856727304, 2.59955636598801, -2.39962028569965, 2.22856956528034, -2.08113618052818, 1.95324983283721, -1.84172032919208, 1.74401568615801, -1.65810398968795, 1.58233867984991, -1.51537401088378, 1.45610186118516, -1.4036038981289, 1.35711495241391, -1.31599468923313, 1.27970549964354, -1.24779511192881, 1.21988282620029, -1.19564856189092, 1.17482411386278, -1.15718616304689, 1.14255069843423, -1.13076859022654, 1.12172211696909, -1.1153222981444, 1.11150692204928, -0.555119594889629,
				4.19192227121175, -8.45667984463886, 8.68266383544, -9.08623386748936, 9.7158641830388, -10.6604245678321, 12.0867247415622, -14.3345634540604, 18.2028763026754, -26.0953025292354, 50.0404533294507, -1.81210343470728, -46.4073642966222, 22.4353409835424, -14.4973595277657, 10.5636054140504, -8.22864474146081, 6.69102941561722, -5.60754033224478, 4.80675748640169, -4.19358975983901, 3.71109135668561, -3.32310888421355, 3.00560726484409, -2.74200083336714, 2.52048671786832, -2.33244588046154, 2.17144455144294, -2.03258871370491, 1.91209424899908, -1.80699322367392, 1.71492861433179, -1.6340079557979, 1.56269713585564, -1.49974209854701, 1.4441103027558, -1.39494639650678, 1.35153827597419, -1.31329083700411, 1.27970549964354, -1.25036411911266, 1.22491626989701, -1.20306915481834, 1.18457958197261, -1.16924759192562, 1.15691142086347, -1.14744356305959, 1.14074775541997, -1.13675675325301, 0.567715401797434,
				-3.55049775438822, 7.15317706583191, -7.31420108754422, 7.59850107260811, -8.03388651745483, 8.66902706973798, -9.5892259792013, 10.9517319070953, -13.0745142563947, 16.7030298873488, -24.0777407346972, 46.4073642966222, -1.48427195799454, -43.4325058233237, 21.0838027075682, -13.6768324533611, 10.0021613776943, -7.81827025429961, 6.3782423971656, -5.36215605639088, 4.61018825800228, -4.03365344722314, 3.57942183544442, -3.21374803259847, 2.91418693177242, -2.66524190769814, 2.45587897984732, -2.27803601528393, 2.12569153675718, -1.99426263258552, 1.88020392645177, -1.78073348952725, 1.69364123366267, -1.61715226938705, 1.54982772437315, -1.49049161151984, 1.43817614376109, -1.39208032952763, 1.35153827597419, -1.31599468923313, 1.28498578184975, -1.25812429499939, 1.23508769170151, -1.21560882519327, 1.19946856553839, -1.18648999854973, 1.17653390853672, -1.16949533014341, 1.16530101157401, -0.581953838399117,
				3.05157984956819, -6.14166670928964, 6.259994010758, -6.46708662358164, 6.77979953680974, -7.22661211257925, 7.85497000991947, -8.74630554147389, 10.0493516695248, -12.0636564433345, 15.4903391409399, -22.4353409835424, 43.4325058233237, -1.22680066817851, -40.974296321861, 19.9632217288307, -12.9947489170823, 9.53458814776665, -7.4761451029655, 6.11740831304504, -5.15765263177288, 4.44661877872515, -3.90090914317581, 3.47054801808714, -3.12378312691673, 2.83948746023883, -2.60306878116246, 2.40413284294654, -2.23508182955714, 2.09023879232329, -1.96528144667721, 1.85686498605305, -1.76236424892823, 1.6796934472109, -1.60717759033828, 1.5434591498167, -1.48742923664925, 1.43817614376109, -1.39494639650678, 1.35711495241391, -1.32416219028211, 1.29565600700813, -1.27123780878769, 1.25061151181785, -1.23353490159025, 1.21981286910154, -1.20929216672395, 1.20185741962229, -1.19742819986629, 0.597978513211064,
				-2.65597055521136, 5.34108729752939, -5.43035256301376, 5.58551010113909, -5.81725002282958, 6.14314866091612, -6.59137220286873, 7.20775094321935, -8.07008376232166, 9.31973818866336, -11.24076585078, 14.4973595277657, -21.0838027075682, 40.974296321861, -1.02000674923578, -38.9308485405816, 19.0299966276714, -12.4261026187069, 9.14467735226369, -7.19101776604749, 5.90036266625317, -4.98791841486987, 4.31136778484159, -3.79170801117073, 3.38158732031702, -3.05091343240275, 2.77965857288271, -2.55398584343211, 2.36403619402441, -2.20260099129428, 2.0642926925908, -1.94500849289097, 1.84157298927092, -1.75149389486024, 1.67279122654319, -1.60387547160968, 1.5434591498167, -1.49049161151984, 1.4441103027558, -1.4036038981289, 1.36838412154605, -1.33796402147575, 1.31194111042273, -1.28998422260665, 1.27182325589101, -1.25724118677529, 1.24606790900212, -1.23817556598117, 1.23347513773574, -0.615957056739808,
				2.33708561844338, -4.69672393324947, 4.76561111722274, -4.88469080589943, 5.06100788261536, -5.30589707878083, 5.63697703481223, -6.08175938212484, 6.6844463134478, -7.51960422567913, 8.72231356566044, -10.5636054140504, 13.6768324533611, -19.9632217288307, 38.9308485405816, -0.85050025380397, -37.2272463350698, 18.2517772637598, -11.952192401724, 8.82022420003704, -6.95436713127293, 5.72089373612983, -4.84828780127159, 4.20085431996969, -3.70325737512003, 3.31033621965004, -2.99338602663193, 2.73329882439907, -2.51687060227667, 2.33469145165017, -2.17987995651245, 2.04729244892766, -1.93301157965591, 1.83400557084184, -1.74789526280612, 1.67279122654319, -1.60717759033828, 1.54982772437315, -1.49974209854701, 1.45610186118516, -1.41823375556395, 1.38558334480418, -1.35769441892624, 1.33419307181152, -1.31477536051924, 1.29919775830506, -1.28726982680084, 1.27884868919602, -1.27383500310762, 0.636085110835407,
				-2.07637991899753, 4.17055201861504, -4.22477987356663, 4.31810076304848, -4.4553124889005, 4.64400046002664, -4.89567093865822, 5.22771536588508, -5.66690816307376, 6.25595221436973, -7.06661209426299, 8.22864474146081, -10.0021613776943, 12.9947489170823, -19.0299966276714, 37.2272463350698, -0.708894354109858, -35.8074630828561, 17.6042042069039, -11.5588553233246, 8.55194302985028, -6.7596882153483, 5.57424983551746, -4.73518992070802, 4.11234100782152, -3.63342950408649, 3.25512571428926, -2.94988529833483, 2.69937043107051, -2.49090770444737, 2.31546437028774, -2.16643434391142, 2.03887968511216, -1.92904000005067, 1.83400557084184, -1.75149389486024, 1.6796934472109, -1.61715226938705, 1.56269713585564, -1.51537401088378, 1.47440360892015, -1.43914785730797, 1.40908435932731, -1.38378682299824, 1.36291001128871, -1.34617817839602, 1.33337624555741, -1.32434317787863, 1.31896717708021, -0.658591210778036,
				1.86059766089774, -3.73547528717087, 3.77892014495929, -3.85340961823499, 3.96230600606684, -4.11084940975958, 4.30683190904065, -4.56172562294175, 4.89260231674068, -5.32552519526226, 5.90187544899457, -6.69102941561722, 7.81827025429961, -9.53458814776665, 12.4261026187069, -18.2517772637598, 35.8074630828561, -0.58842743922684, -34.6290681540836, 17.0687442914049, -11.2352794491728, 8.33273072814436, -6.60200235968893, 5.45679865104349, -4.64590413859523, 4.04375449267845, -3.58062748381991, 3.21471989236359, -2.91945561691237, 2.67714007816078, -2.47554365656993, 2.30594963052468, -2.1619831722025, 2.03887968511216, -1.93301157965591, 1.84157298927092, -1.76236424892823, 1.69364123366267, -1.6340079557979, 1.58233867984991, -1.53772059946237, 1.49941111262328, -1.46680564752112, 1.43941324584304, -1.41683794860325, 1.39876460089923, -1.38494808908753, 1.37520530571471, -1.36940934246103, 0.683742782443891,
				-1.68006050980799, 3.37175987785208, -3.40711630689327, 3.46755177992846, -3.55548273979598, 3.67463054476403, -3.83043863027584, 4.03075039499926, -4.2869204934623, 4.61568894796536, -5.0424793748109, 5.60754033224478, -6.3782423971656, 7.4761451029655, -9.14467735226369, 11.952192401724, -17.6042042069039, 34.6290681540836, -0.484103483385771, -33.6596701743019, 16.6312204783616, -10.9731897496076, 8.15715748998643, -6.47751634031779, 5.36578897976365, -4.57838855195545, 3.99355943470418, -3.54369135152804, 3.18824543858332, -2.90144826329016, 2.66613913533487, -2.47045738662629, 2.30594963052468, -2.16643434391142, 2.04729244892766, -1.94500849289097, 1.85686498605305, -1.78073348952725, 1.71492861433179, -1.65810398968795, 1.60917688083949, -1.56727277753108, 1.53168417645666, -1.5018396403939, 1.47728043500608, -1.45764285958253, 1.44264494512454, -1.4320765823387, 1.42579242076742, -0.711853543036261,
				1.52756892487004, -3.06475675488649, 3.09393993983519, -3.14369465532841, 3.21579697947768, -3.312954836891, 3.43907513285868, -3.59968731580348, 3.80261644943974, -4.05907537325496, 4.38549782361496, -4.80675748640169, 5.36215605639088, -6.11740831304504, 7.19101776604749, -8.82022420003704, 11.5588553233246, -17.0687442914049, 33.6596701743019, -0.392138121275347, -32.8744780583996, 16.2807954701417, -10.7662815061217, 8.02111064838275, -6.38338324961274, 5.29918352945635, -4.53115996813801, 3.96067093797264, -3.52183367952737, 3.17514425419968, -2.89548692665387, 2.66613913533487, -2.47554365656993, 2.31546437028774, -2.17987995651245, 2.0642926925908, -1.96528144667721, 1.88020392645177, -1.80699322367392, 1.74401568615801, -1.68996971638553, 1.64381252396452, -1.60470638259697, 1.57197877192145, -1.54509259878045, 1.52362388261957, -1.50724508815105, 1.49571283652661, -1.48885911236008, 0.743292682319698,
				-1.39767792763842, 2.80340633895749, -2.8278046777345, 2.86931049474123, -2.92925579345556, 3.00965424679283, -3.11337751502562, 3.24442904906543, -3.40836788489057, 3.61297443373248, -3.86932488722251, 4.19358975983901, -4.61018825800228, 5.15765263177288, -5.90036266625317, 6.95436713127293, -8.55194302985028, 11.2352794491728, -16.6312204783616, 32.8744780583996, -0.30959080348077, -32.2546035582963, 16.0092608325885, -10.6098228728545, 7.92154473389843, -6.31753515755545, 5.25554271653297, -4.50321153850872, 3.94439569152726, -3.51459769451731, 3.17514425419968, -2.90144826329016, 2.67714007816078, -2.49090770444737, 2.33469145165017, -2.20260099129428, 2.09023879232329, -1.99426263258552, 1.91209424899908, -1.84172032919208, 1.78155357626163, -1.73033388262604, 1.68705692231454, -1.65092190156602, 1.62129298074718, -1.59767066050552, 1.57967059530082, -1.56700808583079, 1.55948704741113, -0.778496320676716,
				1.28620826421558, -2.57923254459951, 2.59987051649854, -2.6349134197797, 2.6853786389425, -2.75279307207867, 2.83931268981063, -2.94790491639831, 3.0826246512607, -3.24903616442125, 3.45487176080079, -3.71109135668561, 4.03365344722314, -4.44661877872515, 4.98791841486987, -5.72089373612983, 6.7596882153483, -8.33273072814436, 10.9731897496076, -16.2807954701417, 32.2546035582963, -0.234113180613806, -31.7858705805793, 15.8105381413192, -10.5003767428128, 7.85630776864242, -6.27856827313225, 5.23394656420036, -4.49395920743493, 3.94439569152726, -3.52183367952737, 3.18824543858332, -2.91945561691237, 2.69937043107051, -2.51687060227667, 2.36403619402441, -2.23508182955714, 2.12569153675718, -2.03258871370491, 1.95324983283721, -1.88570899053627, 1.82842158061771, -1.78016747165052, 1.73998122310915, -1.70710123587409, 1.68093246454672, -1.66101907592076, 1.64702459749467, -1.63871788695463, 0.817981902987793,
				-1.1899094182523, 2.38565126841683, -2.40329698087296, 2.43321061342692, -2.47618232033607, 2.53339055628096, -2.60648514092618, 2.69771203434662, -2.81009855922898, 2.94772992505974, -3.1161689387106, 3.32310888421355, -3.57942183544442, 3.90090914317581, -4.31136778484159, 4.84828780127159, -5.57424983551746, 6.60200235968893, -8.15715748998643, 10.7662815061217, -16.0092608325885, 31.7858705805793, -0.163771503486576, -31.4579819280784, 15.6803322834907, -10.4356098746066, 7.82402451484833, -6.26566828124076, 5.23394656420036, -4.50321153850872, 3.96067093797264, -3.54369135152803, 3.21471989236359, -2.94988529833483, 2.73329882439907, -2.55398584343211, 2.40413284294654, -2.27803601528393, 2.17144455144294, -2.08113618052818, 2.0046347156124, -1.9400173802625, 1.88578060178175, -1.84074491230312, 1.80398667011928, -1.77478862659816, 1.75260407079272, -1.73703103059682, 1.72779417022144, -0.862366411279482,
				1.10622286701948, -2.21748575434643, 2.23272349503967, -2.25851879985197, 2.29549483268618, -2.34457594711486, 2.40704668277837, -2.48463920882403, 2.57966096831969, -2.695181402065, 2.83530856727304, -3.00560726484409, 3.21374803259847, -3.47054801808714, 3.79170801117073, -4.20085431996969, 4.73518992070802, -5.45679865104349, 6.47751634031779, -8.02111064838275, 10.6098228728545, -15.8105381413192, 31.4579819280784, -0.0969166381622143, -31.2639474644139, 15.6158984347172, -10.4141687949036, 7.82402451484834, -6.27856827313225, 5.25554271653297, -4.53115996813801, 3.99355943470418, -3.58062748381991, 3.25512571428926, -2.99338602663193, 2.77965857288271, -2.60306878116246, 2.45587897984732, -2.33244588046154, 2.22856956528034, -2.14107287029988, 2.0675216812323, -2.00603436438867, 1.95514929885562, -1.91373133951909, 1.88090506215515, -1.85600693083093, 1.83855122797085, -1.8282063411423, 0.912389590694813,
				-1.03311289819683, 2.07062098190371, -2.08390111769548, 2.10635496056064, -2.1384810039032, 2.181015165093, -2.23497354149402, 2.30171504498279, -2.38303150061093, 2.48127712853084, -2.59955636598801, 2.74200083336714, -2.91418693177242, 3.12378312691673, -3.38158732031702, 3.70325737512003, -4.11234100782152, 4.64590413859523, -5.36578897976365, 6.38338324961274, -7.92154473389843, 10.5003767428128, -15.6803322834907, 31.2639474644139, -0.0320845381340996, -31.1997123313003, 15.6158984347172, -10.4356098746066, 7.85630776864242, -6.31753515755545, 5.29918352945636, -4.57838855195545, 4.04375449267845, -3.63342950408649, 3.31033621965003, -3.05091343240275, 2.83948746023883, -2.66524190769814, 2.52048671786832, -2.39962028569965, 2.29848154302962, -2.21393158544831, 2.14357574874341, -2.08557459842685, 2.03851296375903, -2.00130797361707, 1.97314405994607, -1.95342718718348, 1.94175328435653, -0.968943821928871,
				0.968943821928871, -1.94175328435653, 1.95342718718348, -1.97314405994607, 2.00130797361707, -2.03851296375903, 2.08557459842685, -2.14357574874341, 2.21393158544831, -2.29848154302962, 2.39962028569965, -2.52048671786832, 2.66524190769814, -2.83948746023883, 3.05091343240275, -3.31033621965003, 3.63342950408649, -4.04375449267845, 4.57838855195545, -5.29918352945636, 6.31753515755545, -7.85630776864242, 10.4356098746066, -15.6158984347172, 31.1997123313003, 0.032084538134098, -31.2639474644139, 15.6803322834907, -10.5003767428128, 7.92154473389843, -6.38338324961274, 5.36578897976365, -4.64590413859523, 4.11234100782152, -3.70325737512003, 3.38158732031702, -3.12378312691673, 2.91418693177242, -2.74200083336714, 2.59955636598801, -2.48127712853084, 2.38303150061093, -2.30171504498279, 2.23497354149402, -2.181015165093, 2.1384810039032, -2.10635496056064, 2.08390111769548, -2.07062098190371, 1.03311289819683,
				-0.912389590694813, 1.8282063411423, -1.83855122797085, 1.85600693083093, -1.88090506215515, 1.91373133951909, -1.95514929885562, 2.00603436438867, -2.0675216812323, 2.14107287029988, -2.22856956528034, 2.33244588046154, -2.45587897984732, 2.60306878116246, -2.77965857288271, 2.99338602663193, -3.25512571428926, 3.58062748381991, -3.99355943470418, 4.53115996813801, -5.25554271653297, 6.27856827313225, -7.82402451484834, 10.4141687949036, -15.6158984347172, 31.2639474644139, 0.0969166381622129, -31.4579819280784, 15.8105381413192, -10.6098228728545, 8.02111064838275, -6.47751634031779, 5.45679865104349, -4.73518992070802, 4.20085431996969, -3.79170801117073, 3.47054801808714, -3.21374803259847, 3.00560726484409, -2.83530856727304, 2.695181402065, -2.57966096831969, 2.48463920882403, -2.40704668277837, 2.34457594711486, -2.29549483268618, 2.25851879985197, -2.23272349503967, 2.21748575434643, -1.10622286701948,
				0.862366411279482, -1.72779417022144, 1.73703103059682, -1.75260407079272, 1.77478862659816, -1.80398667011928, 1.84074491230312, -1.88578060178175, 1.9400173802625, -2.0046347156124, 2.08113618052818, -2.17144455144294, 2.27803601528393, -2.40413284294654, 2.55398584343211, -2.73329882439907, 2.94988529833483, -3.21471989236359, 3.54369135152803, -3.96067093797264, 4.50321153850872, -5.23394656420036, 6.26566828124076, -7.82402451484833, 10.4356098746066, -15.6803322834907, 31.4579819280784, 0.163771503486577, -31.7858705805793, 16.0092608325885, -10.7662815061217, 8.15715748998643, -6.60200235968893, 5.57424983551746, -4.84828780127159, 4.31136778484159, -3.90090914317581, 3.57942183544442, -3.32310888421355, 3.1161689387106, -2.94772992505974, 2.81009855922898, -2.69771203434662, 2.60648514092618, -2.53339055628096, 2.47618232033607, -2.43321061342692, 2.40329698087296, -2.38565126841683, 1.1899094182523,
				-0.817981902987793, 1.63871788695463, -1.64702459749467, 1.66101907592076, -1.68093246454672, 1.70710123587409, -1.73998122310915, 1.78016747165052, -1.82842158061771, 1.88570899053627, -1.95324983283721, 2.03258871370491, -2.12569153675718, 2.23508182955714, -2.36403619402441, 2.51687060227667, -2.69937043107051, 2.91945561691237, -3.18824543858332, 3.52183367952737, -3.94439569152726, 4.49395920743493, -5.23394656420036, 6.27856827313225, -7.85630776864242, 10.5003767428128, -15.8105381413192, 31.7858705805793, 0.234113180613804, -32.2546035582963, 16.2807954701417, -10.9731897496076, 8.33273072814436, -6.7596882153483, 5.72089373612983, -4.98791841486987, 4.44661877872515, -4.03365344722314, 3.71109135668561, -3.45487176080079, 3.24903616442125, -3.0826246512607, 2.94790491639831, -2.83931268981063, 2.75279307207867, -2.6853786389425, 2.6349134197797, -2.59987051649854, 2.57923254459951, -1.28620826421558,
				0.778496320676716, -1.55948704741113, 1.56700808583079, -1.57967059530082, 1.59767066050552, -1.62129298074718, 1.65092190156602, -1.68705692231454, 1.73033388262604, -1.78155357626163, 1.84172032919208, -1.91209424899908, 1.99426263258552, -2.09023879232329, 2.20260099129428, -2.33469145165017, 2.49090770444737, -2.67714007816078, 2.90144826329016, -3.17514425419968, 3.51459769451731, -3.94439569152726, 4.50321153850872, -5.25554271653297, 6.31753515755545, -7.92154473389843, 10.6098228728545, -16.0092608325885, 32.2546035582963, 0.309590803480769, -32.8744780583996, 16.6312204783616, -11.2352794491728, 8.55194302985028, -6.95436713127293, 5.90036266625317, -5.15765263177288, 4.61018825800228, -4.19358975983901, 3.86932488722251, -3.61297443373248, 3.40836788489057, -3.24442904906543, 3.11337751502562, -3.00965424679283, 2.92925579345556, -2.86931049474123, 2.8278046777345, -2.80340633895749, 1.39767792763842,
				-0.743292682319698, 1.48885911236008, -1.49571283652661, 1.50724508815105, -1.52362388261957, 1.54509259878045, -1.57197877192145, 1.60470638259697, -1.64381252396452, 1.68996971638553, -1.74401568615801, 1.80699322367392, -1.88020392645177, 1.96528144667721, -2.0642926925908, 2.17987995651245, -2.31546437028774, 2.47554365656993, -2.66613913533487, 2.89548692665387, -3.17514425419968, 3.52183367952737, -3.96067093797264, 4.53115996813801, -5.29918352945635, 6.38338324961274, -8.02111064838275, 10.7662815061217, -16.2807954701417, 32.8744780583996, 0.392138121275345, -33.6596701743019, 17.0687442914049, -11.5588553233246, 8.82022420003704, -7.19101776604749, 6.11740831304504, -5.36215605639088, 4.80675748640169, -4.38549782361496, 4.05907537325496, -3.80261644943974, 3.59968731580348, -3.43907513285868, 3.312954836891, -3.21579697947768, 3.14369465532841, -3.09393993983519, 3.06475675488649, -1.52756892487004,
				0.711853543036261, -1.42579242076742, 1.4320765823387, -1.44264494512454, 1.45764285958253, -1.47728043500608, 1.5018396403939, -1.53168417645666, 1.56727277753108, -1.60917688083949, 1.65810398968795, -1.71492861433179, 1.78073348952725, -1.85686498605305, 1.94500849289097, -2.04729244892766, 2.16643434391142, -2.30594963052468, 2.47045738662629, -2.66613913533487, 2.90144826329016, -3.18824543858332, 3.54369135152804, -3.99355943470418, 4.57838855195545, -5.36578897976365, 6.47751634031779, -8.15715748998643, 10.9731897496076, -16.6312204783616, 33.6596701743019, 0.484103483385775, -34.6290681540836, 17.6042042069039, -11.952192401724, 9.14467735226369, -7.4761451029655, 6.3782423971656, -5.60754033224478, 5.0424793748109, -4.61568894796536, 4.2869204934623, -4.03075039499926, 3.83043863027584, -3.67463054476403, 3.55548273979598, -3.46755177992846, 3.40711630689327, -3.37175987785208, 1.68006050980799,
				-0.683742782443891, 1.36940934246103, -1.37520530571471, 1.38494808908753, -1.39876460089923, 1.41683794860325, -1.43941324584304, 1.46680564752112, -1.49941111262328, 1.53772059946237, -1.58233867984991, 1.6340079557979, -1.69364123366267, 1.76236424892823, -1.84157298927092, 1.93301157965591, -2.03887968511216, 2.1619831722025, -2.30594963052468, 2.47554365656993, -2.67714007816078, 2.91945561691237, -3.21471989236359, 3.58062748381991, -4.04375449267845, 4.64590413859523, -5.45679865104349, 6.60200235968893, -8.33273072814436, 11.2352794491728, -17.0687442914049, 34.6290681540836, 0.588427439226841, -35.8074630828561, 18.2517772637598, -12.4261026187069, 9.53458814776665, -7.81827025429961, 6.69102941561722, -5.90187544899457, 5.32552519526226, -4.89260231674068, 4.56172562294175, -4.30683190904065, 4.11084940975958, -3.96230600606684, 3.85340961823499, -3.77892014495929, 3.73547528717087, -1.86059766089774,
				0.658591210778036, -1.31896717708021, 1.32434317787863, -1.33337624555741, 1.34617817839602, -1.36291001128871, 1.38378682299824, -1.40908435932731, 1.43914785730797, -1.47440360892015, 1.51537401088378, -1.56269713585564, 1.61715226938705, -1.6796934472109, 1.75149389486024, -1.83400557084184, 1.92904000005067, -2.03887968511216, 2.16643434391142, -2.31546437028774, 2.49090770444737, -2.69937043107051, 2.94988529833483, -3.25512571428926, 3.63342950408649, -4.11234100782152, 4.73518992070802, -5.57424983551746, 6.7596882153483, -8.55194302985028, 11.5588553233246, -17.6042042069039, 35.8074630828561, 0.708894354109857, -37.2272463350698, 19.0299966276714, -12.9947489170823, 10.0021613776943, -8.22864474146081, 7.06661209426299, -6.25595221436973, 5.66690816307376, -5.22771536588508, 4.89567093865822, -4.64400046002664, 4.4553124889005, -4.31810076304848, 4.22477987356663, -4.17055201861504, 2.07637991899753,
				-0.636085110835407, 1.27383500310762, -1.27884868919602, 1.28726982680084, -1.29919775830506, 1.31477536051924, -1.33419307181152, 1.35769441892624, -1.38558334480418, 1.41823375556395, -1.45610186118516, 1.49974209854701, -1.54982772437315, 1.60717759033828, -1.67279122654319, 1.74789526280612, -1.83400557084184, 1.93301157965591, -2.04729244892766, 2.17987995651245, -2.33469145165017, 2.51687060227667, -2.73329882439907, 2.99338602663193, -3.31033621965004, 3.70325737512003, -4.20085431996969, 4.84828780127159, -5.72089373612983, 6.95436713127293, -8.82022420003704, 11.952192401724, -18.2517772637598, 37.2272463350698, 0.850500253803971, -38.9308485405816, 19.9632217288307, -13.6768324533611, 10.5636054140504, -8.72231356566044, 7.51960422567913, -6.6844463134478, 6.08175938212484, -5.63697703481223, 5.30589707878083, -5.06100788261536, 4.88469080589943, -4.76561111722274, 4.69672393324947, -2.33708561844338,
				0.615957056739808, -1.23347513773574, 1.23817556598117, -1.24606790900212, 1.25724118677529, -1.27182325589101, 1.28998422260665, -1.31194111042273, 1.33796402147575, -1.36838412154605, 1.4036038981289, -1.4441103027558, 1.49049161151984, -1.5434591498167, 1.60387547160968, -1.67279122654319, 1.75149389486024, -1.84157298927092, 1.94500849289097, -2.0642926925908, 2.20260099129428, -2.36403619402441, 2.55398584343211, -2.77965857288271, 3.05091343240275, -3.38158732031702, 3.79170801117073, -4.31136778484159, 4.98791841486987, -5.90036266625317, 7.19101776604749, -9.14467735226369, 12.4261026187069, -19.0299966276714, 38.9308485405816, 1.02000674923579, -40.974296321861, 21.0838027075682, -14.4973595277657, 11.24076585078, -9.31973818866336, 8.07008376232166, -7.20775094321935, 6.59137220286873, -6.14314866091612, 5.81725002282958, -5.58551010113909, 5.43035256301376, -5.34108729752939, 2.65597055521136,
				-0.597978513211064, 1.19742819986629, -1.20185741962229, 1.20929216672395, -1.21981286910154, 1.23353490159025, -1.25061151181785, 1.27123780878769, -1.29565600700813, 1.32416219028211, -1.35711495241391, 1.39494639650678, -1.43817614376109, 1.48742923664925, -1.5434591498167, 1.60717759033828, -1.6796934472109, 1.76236424892823, -1.85686498605305, 1.96528144667721, -2.09023879232329, 2.23508182955714, -2.40413284294654, 2.60306878116246, -2.83948746023883, 3.12378312691673, -3.47054801808714, 3.90090914317581, -4.44661877872515, 5.15765263177288, -6.11740831304504, 7.4761451029655, -9.53458814776665, 12.9947489170823, -19.9632217288307, 40.974296321861, 1.22680066817851, -43.4325058233237, 22.4353409835424, -15.4903391409399, 12.0636564433345, -10.0493516695248, 8.74630554147389, -7.85497000991947, 7.22661211257925, -6.77979953680974, 6.46708662358164, -6.259994010758, 6.14166670928964, -3.05157984956819,
				0.581953838399117, -1.16530101157401, 1.16949533014341, -1.17653390853672, 1.18648999854973, -1.19946856553839, 1.21560882519327, -1.23508769170151, 1.25812429499939, -1.28498578184975, 1.31599468923313, -1.35153827597419, 1.39208032952763, -1.43817614376109, 1.49049161151984, -1.54982772437315, 1.61715226938705, -1.69364123366267, 1.78073348952725, -1.88020392645177, 1.99426263258552, -2.12569153675718, 2.27803601528393, -2.45587897984732, 2.66524190769814, -2.91418693177242, 3.21374803259847, -3.57942183544442, 4.03365344722314, -4.61018825800228, 5.36215605639088, -6.3782423971656, 7.81827025429961, -10.0021613776943, 13.6768324533611, -21.0838027075682, 43.4325058233237, 1.48427195799454, -46.4073642966222, 24.0777407346972, -16.7030298873488, 13.0745142563947, -10.9517319070953, 9.5892259792013, -8.66902706973798, 8.03388651745483, -7.59850107260811, 7.31420108754422, -7.15317706583191, 3.55049775438822,
				-0.567715401797434, 1.13675675325301, -1.14074775541997, 1.14744356305959, -1.15691142086347, 1.16924759192562, -1.18457958197261, 1.20306915481834, -1.22491626989701, 1.25036411911266, -1.27970549964354, 1.31329083700411, -1.35153827597419, 1.39494639650678, -1.4441103027558, 1.49974209854701, -1.56269713585564, 1.6340079557979, -1.71492861433179, 1.80699322367392, -1.91209424899908, 2.03258871370491, -2.17144455144294, 2.33244588046154, -2.52048671786832, 2.74200083336714, -3.00560726484409, 3.32310888421355, -3.71109135668561, 4.19358975983901, -4.80675748640169, 5.60754033224478, -6.69102941561722, 8.22864474146081, -10.5636054140504, 14.4973595277657, -22.4353409835424, 46.4073642966222, 1.81210343470727, -50.0404533294507, 26.0953025292354, -18.2028763026754, 14.3345634540604, -12.0867247415622, 10.6604245678321, -9.7158641830388, 9.08623386748936, -8.68266383544, 8.45667984463886, -4.19192227121175,
				0.555119594889629, -1.11150692204928, 1.1153222981444, -1.12172211696909, 1.13076859022654, -1.14255069843423, 1.15718616304689, -1.17482411386278, 1.19564856189092, -1.21988282620029, 1.24779511192881, -1.27970549964354, 1.31599468923313, -1.35711495241391, 1.4036038981289, -1.45610186118516, 1.51537401088378, -1.58233867984991, 1.65810398968795, -1.74401568615801, 1.84172032919208, -1.95324983283721, 2.08113618052818, -2.22856956528034, 2.39962028569965, -2.59955636598801, 2.83530856727304, -3.1161689387106, 3.45487176080079, -3.86932488722251, 4.38549782361496, -5.0424793748109, 5.90187544899457, -7.06661209426299, 8.72231356566044, -11.24076585078, 15.4903391409399, -24.0777407346972, 50.0404533294507, 2.24023626038714, -54.5338293847937, 28.6102231121339, -20.0893481726485, 15.9358568404018, -13.5462693866455, 12.0568183953809, -11.1021347192048, 10.5055042773881, -10.1764716769227, 5.03559211566407,
				-0.544043562078785, 1.08930474447682, -1.09296896855861, 1.09911412057438, -1.10779819879002, 1.11910409331118, -1.13314135433269, 1.1500485787918, -1.16999650957994, 1.19319197368761, -1.21988282620029, 1.25036411911266, -1.28498578184975, 1.32416219028211, -1.36838412154605, 1.41823375556395, -1.47440360892015, 1.53772059946237, -1.60917688083949, 1.68996971638553, -1.78155357626163, 1.88570899053627, -2.0046347156124, 2.14107287029988, -2.29848154302962, 2.48127712853084, -2.695181402065, 2.94772992505974, -3.24903616442125, 3.61297443373248, -4.05907537325496, 4.61568894796536, -5.32552519526226, 6.25595221436973, -7.51960422567913, 9.31973818866336, -12.0636564433345, 16.7030298873488, -26.0953025292354, 54.5338293847937, 2.81607745753713, -60.1854930771523, 31.8062298268159, -22.5152576870579, 18.023272026077, -15.4790664875413, 13.9400943307839, -13.0122001340437, 12.5111593396379, -6.17619847715319,
				0.534382517417548, -1.06993977113503, 1.07347466131994, -1.07940196273761, 1.08777615683901, -1.09867505487898, 1.11220140123681, -1.12848503344968, 1.14768568064434, -1.16999650957994, 1.19564856189092, -1.22491626989701, 1.25812429499939, -1.29565600700813, 1.33796402147575, -1.38558334480418, 1.43914785730797, -1.49941111262328, 1.56727277753108, -1.64381252396452, 1.73033388262604, -1.82842158061771, 1.9400173802625, -2.0675216812323, 2.21393158544831, -2.38303150061093, 2.57966096831969, -2.81009855922898, 3.0826246512607, -3.40836788489057, 3.80261644943974, -4.2869204934623, 4.89260231674068, -5.66690816307376, 6.6844463134478, -8.07008376232166, 10.0493516695248, -13.0745142563947, 18.2028763026754, -28.6102231121339, 60.1854930771523, 3.61837732057761, -67.4532530378301, 35.9724825614192, -25.7277602249426, 20.8385084649818, -18.1421605950825, 16.6014630784941, -15.7944586697057, 7.77113715857257,
