1056200.0000000237, -1284237.4946500028, 321159.40481909178, -142811.64735019009, 80389.975908832756, -51497.70737817161, 35803.192713450197, -26339.948554114719, 20197.994039866615, -15987.146571722749, 12975.209658529133, -10746.775505782913, 9051.928019965364, -7732.9984092280965, 6686.5291616331824, -5842.3529082216837, 5151.5189166765203, -4579.0356761149924, 4099.3528598977236, -3693.4616485741853, 3346.9832761118291, -3048.8788297241645, 2790.5598151604195, -2565.2632819832684, 2367.6052519610002, -2193.2565894389995, 2038.7043968900532, -1901.0740846512167, 1777.9951019011839, -1667.4985004158125, 1567.9379893135037, -1477.9285200210386, 1396.2980898452543, -1322.0496098817637, 1254.3305051792631, -1192.4083058606566, 1135.6509169563433, -1083.5105694313709, 1035.5106879257396, -991.23508480784324, 950.31902126641171, -912.44177571441469, 877.32043591705224, -844.70468990108395, 814.3724361761698, -786.12606928321361, 759.78932454164749, -735.2045878626875, 712.23059395762937, -690.74045020616757, 670.61993462721455, -651.76602540272438, 634.08562669794912, -617.49446145189813, 601.91610665442852, -587.28115059691459, 573.52645485152732, -560.59450643418188, 548.43284784495233, -536.99357454248366, 526.23289096399685, -516.11071750492567, 506.59034196649759, -497.63810990174363, 489.22314906985906, -481.31712386951671, 473.89401618332272, -466.92992954426086, 460.40291394404443, -454.2928089538168, 448.58110312877125, -443.25080792764999, 438.28634460206041, -433.67344270449848, 429.39904903233008, -425.451245971552, 421.81917833211594, -418.49298787863944, 415.46375485876439, -412.72344591818347, 410.26486786814479, -408.08162683946614, 406.16809241801099, -404.51936641125371, 403.13125594493494, -402.00025063369253, 401.1235036106828, -400.49881623920891, 400.12462636484588, -200.00000000000426
321059.3736625007, -160479.67125295475, -214128.50826072175, 80339.897959080467, -42879.110372752395, 26824.512109699022, -18414.986851718724, 13445.749077631035, -10260.368149173168, 8094.3376404278943, -6553.8209310361699, 5418.7328747818237, -4558.0916481174081, 3889.922257401261, -3360.7627759716784, 2934.5264295565025, -2586.1333298575928, 2297.7104802332638, -2056.2400551238966, 1852.0573334105293, -1677.8644930935232, 1528.0671641269273, -1398.3183572695023, 1285.1988245292171, -1185.9891016421393, 1098.5043510693158, -1020.9729750552893, 951.94622115628499, -890.23005247734511, 834.83322662137141, -784.92732002027458, 739.81565600395606, -698.90893958493371, 661.70599370423531, -627.77841146037645, 596.75824007154347, -568.32803082325984, 542.21274935696579, -518.17315908403145, 496.00037889614993, -475.51138286388488, 456.54526007771528, -438.96009135445291, 422.63032921955249, -407.44459058166274, 393.30378945785282, -380.1195511860314, 367.81286067134857, -356.31290602990811, 345.55608602633799, -335.48515534065075, 326.04848624255072, -317.19942892788259, 308.89575576056518, -301.09917710311538, 293.77491841865441, -286.89134997284935, 280.41966182341901, -274.33357791153213, 268.60910400667132, -263.22430503880906, 258.1591080068016, -253.39512720215444, 248.91550895094238, -244.70479346846156, 240.74879175323386, -237.03447572918569, 233.5498800853085, -230.28401446760796, 227.22678485420693, -224.3689230957024, 221.70192373312247, -219.21798731829375, 216.90996955879004, -214.77133569415247, 212.79611958363418, -210.97888704993966, 209.31470307965682, -207.79910253046612, 206.42806403874343, -205.19798685969286, 204.10567040636801, -203.14829628449661, 202.32341264744366, -201.62892072040813, 201.06306336545703, -200.6244155796218, 200.31187683733478, -200.12466520627021, 100.03115659121147
-80289.851204772945, 214128.50826072175, -40094.863250356626, -128583.90908620918, 53615.604217603737, -30666.15171541899, 20147.681344708282, -14346.614548060787, 10776.756607413696, -8412.3349009793674, 6760.7467819125213, -5559.4194617610146, 4657.2287296218219, -3961.8952260949659, 3414.3512717369103, -2975.3014804888244, 2617.7491496288617, -2322.633548579749, 2076.1772359730066, -1868.2160563930158, 1691.1157085629534, -1539.0501576053932, 1407.5097852899646, -1292.9591625118703, 1192.5944999194235, -1104.1688668049958, 1025.8643357216117, -956.19716506542602, 893.94659695985069, -838.10077084723582, 787.8152011320359, -742.38058668602559, 701.19762731796345, -663.7571549033263, 629.6243336460941, -598.42600328267645, 569.84046984757481, -543.58921719101568, 519.43013676101214, -497.15196569492122, 476.56969273333357, -457.52074404656344, 439.86180116409321, -423.46613400370302, 408.22135582671348, -394.02752549929983, 380.79553697505276, -368.44574736841906, 356.90680406605281, -346.11463855531736, 336.01160044077204, -326.54570978007786, 317.67000963879974, -309.34200382363605, 301.52316724937731, -294.17851843883324, 287.2762453354934, -280.78737699568148, 274.68549487589053, -268.94647838606534, 263.54828017624902, -258.47072729068503, 253.6953448831602, -249.20519965868661, 244.98476060470901, -241.01977491222598, 237.29715727366224, -233.80489098832757, 230.53193951470078, -227.46816728725707, 224.60426876880155, -221.93170484120714, 219.44264575132607, -217.12991992739956, 214.98696806680377, -213.00780197038651, 211.18696766358156, -209.51951240132959, 208.00095520374111, -206.62726061341962, 205.39481540426505, -204.30040800613503, 203.34121044058432, -202.51476259057659, 201.81895865204299, -201.25203563786746, 200.81256382567184, -200.49943905998867, 200.31187683733478, -100.12470405980223
35702.911837547523, -80339.897959080467, 128583.90908620918, -17801.315480822417, -91960.248939890138, 40270.261187330056, -23891.163315840597, 16148.349697888727, -11762.592191516615, 9001.2210744862241, -7135.9438805970003, 5810.6470412954322, -4832.2497935089905, 4087.849006621841, -3507.4872930695956, 3045.7776928164558, -2672.1495585468806, 2365.3594483302268, -2110.2503463839607, 1895.7598526656955, -1713.6534135312497, 1557.6945593356227, -1423.087233673288, 1306.0924088025572, -1203.7591671956582, 1113.7326522686556, -1034.1146788290505, 963.36107174929793, -900.20504126226319, 843.59929100502211, -792.67178768539998, 746.69161880490674, -705.04238558862608, 667.20128433902266, -632.72252455299429, 601.22408375851319, -572.37705168257003, 545.89699990624649, -521.53694787045379, 499.08159591236659, -478.34257064264949, 459.15448424591966, -441.37165205629213, 424.86534551169461, -409.52148285005001, 395.23867952300941, -381.92659562851071, 369.50452971197399, -357.90021781293552, 347.04880420857313, -336.89195635961494, 327.3771014270651, -318.45676565309014, 310.08800108175313, -302.23188668686532, 294.85309309362333, -287.91950182092597, 281.4018714057147, -275.27354395750234, 269.51018667671372, -264.08956369156613, 258.99133425467079, -254.19687391626164, 249.6891157753422, -245.45240931879894, 241.47239470449074, -237.73589063797837, 234.23079424249954, -230.94599153512925, 227.87127730463209, -224.99728334317089, 222.3154141188181, -219.81778909207824, 217.49719098018969, -215.34701936018476, 213.36124907752946, -211.53439299331598, 209.86146866085011, -208.33796857327087, 206.95983366856979, -205.72342981793525, 204.62552705846124, -203.6632813625906, 202.8342187647612, -202.13622169107691, 201.56751736085781, -201.12666815001495, 200.81256382567184, -200.6244155796218, 100.2808759026707
-20097.493977208189, 42879.110372752395, -53615.604217603737, 91960.248939890138, -9998.4969572748978, -71643.724533052431, 32276.580562910262, -19588.036614752444, 13487.811863433448, -9977.871632195609, 7736.2635063391126, -6202.5654981939088, 5100.2536303426241, -4278.0169036364832, 3646.5724599088926, -3150.1112351965289, 2752.1197148467286, -2427.8063730550143, 2159.8124676318453, -1935.6635422930076, 1746.1932340594333, -1584.5346454018825, 1445.4556980306686, -1324.9098292674057, 1219.7253657147589, -1127.386455093656, 1045.8757987497474, -973.5599321312792, 909.10432443432171, -851.40971606483868, 799.56380546868911, -752.80417915194846, 710.48957906115095, -672.07742294163802, 637.10606376390058, -605.1806758900567, 575.96194191498068, -549.15692056621333, 524.51162656034796, -501.80496416374331, 480.84373862187238, -461.45853144510727, 443.50027230396205, -426.83737594111489, 411.35333989339676, -396.94472000011842, 383.51941716874427, -370.99522179398406, 359.29857241516498, -348.363493274387, 338.13068187673628, -328.54672281280233, 319.56340825778091, -311.13714892208344, 303.22846195946011, -295.80152456772265, 288.82378384405064, -282.26561496011914, 276.10002096396596, -270.30236854491761, 264.85015495433288, -259.72280198990597, 254.90147355012567, -250.36891376868385, 246.1093031627527, -242.10813058759638, 238.35207909399119, -234.82892404340683, 231.52744205630214, -228.43732955732128, 225.54912984271877, -222.85416773420167, 220.34449100305909, -218.01281785187697, 215.85248983076724, -213.8574296429274, 212.02210336222996, -210.34148664488646, 208.81103456927832, -207.42665478386007, 206.18468368351608, -205.0818653706709, 204.11533318947247, -203.28259365007105, 202.58151258589976, -202.0103034103644, 201.56751736085781, -201.25203563786746, 201.06306336545703, -100.50006265842313
12874.426844542902, -26824.512109699022, 30666.15171541899, -40270.261187330056, 71643.724533052431, -6386.8220152783242, -58739.705589815174, 26958.819592840751, -16615.973051391426, 11592.345731315549, -8672.7703253863783, 6790.4496268795383, -5491.1648157819127, 4549.6896770967887, -3842.1319840939955, 3294.9889882646685, -2862.0629066889724, 2512.9637175176217, -2226.9472871415178, 1989.4133281242184, -1789.8169608779349, 1620.3721999968641, -1475.2191410563028, 1349.873077909805, -1240.8506921000574, 1145.4106499649706, -1061.3699845644906, 986.97180044662593, -920.78842862923614, 861.64950701507985, -808.58787001331507, 760.79835004604183, -717.60606602642054, 678.44176815300239, -642.82249055952798, 610.33623835776677, -580.62977084950046, 553.39878226582368, -528.37995461339756, 505.34448381102442, -484.09277377040394, 464.45006273800919, -446.26279859620183, 429.39561953716492, -413.72882687223972, 399.15626010269443, -385.5835024896644, 372.92635949453273, -361.10956355944182, 350.06566746463523, -339.73409546396556, 330.06032696251441, -320.99519196595037, 312.49426113389853, -304.51731618961117, 297.02788881558143, -289.99285810858072, 283.38209826352613, -277.16816947104417, 271.32604610198626, -265.83287715597157, 260.6677747042072, -255.8116266866169, 251.24693095162715, -246.95764787158126, 242.92906924206918, -239.14770149124232, 235.60116149501681, -232.27808352384903, 229.16803604298707, -226.26144725611658, 223.54953842658432, -221.02426413458565, 218.67825873592767, -216.50478838080591, 214.49770803161971, -212.6514229890216, 210.96085449668251, -209.42140904896215, 208.0289510728999, -206.77977869764047, 205.67060236137158, -204.69852603878508, 203.86103090156723, -203.15596125100345, 202.58151258589976, -202.13622169107691, 201.81895865204299, -201.6289207204081, 100.78281398623372
-8950.7981783625492, 18414.986851718724, -20147.681344708282, 23891.163315840597, -32276.580562910262, 58739.705589815174, -4424.8341683798444, -49827.217720838984, 23170.248843374633, -14442.610941449553, 10175.09805364943, -7678.0505228016436, 6057.4318081871825, -4931.6728857974676, 4111.032360078183, -3490.8048044191301, 3008.6582834534706, -2625.2765856525498, 2314.7025899909336, -2059.1533282614505, 1846.0671982457145, -1666.3392292092651, 1513.223000849689, -1381.623603163345, 1267.6287982523311, -1168.1900859911143, 1080.9008228300777, -1003.8387653669287, 935.45233746609449, -874.47716438970212, 819.8739347271877, -770.78153456932228, 726.48127857861016, -686.36931231029712, 649.93510542499655, -616.74453640071397, 586.42647456339955, -558.66205173618584, 533.17602090102775, -509.729747810974, 488.11549024850058, -468.15170005948102, 449.67914314329249, -432.55767781076509, 416.66356627456088, -401.88722033206665, 388.13130257771479, -375.309120226576, 363.34326093776599, -352.16442970568397, 341.71045354543963, -331.92542679224903, 322.75897470890271, -314.16561701450479, 306.10421611410709, -298.53749737913182, 291.43163092411186, -284.75586604123873, 278.48221086503258, -272.58515100394948, 267.04140184056496, -261.82969000425152, 256.93056018973328, -252.32620405541653, 248.00030840623074, -243.93792026246791, 240.12532675146156, -236.54994804324627, 233.20024179306554, -230.0656177597084, 227.1363614448918, -224.4035657500273, 221.85906977663959, -219.49540400874113, 217.30574121233093, -215.28385247118763, 213.42406785117981, -211.7212412490592, 210.17071903749053, -208.76831216709149, 207.51027142947865, -206.39326562360455, 205.4143624017465, -204.57101160199809, 203.86103090156723, -203.28259365007105, 202.83421876476126, -202.51476259057659, 202.32341264744366, -101.12984160281343
6584.9871385286797, -13445.749077631035, 14346.614548060787, -16148.349697888727, 19588.036614752444, -26958.819592840751, 49827.217720838984, -3241.7225577121371, -43309.839129566644, 20337.519202167485, -12786.121657692704, 9076.7130290786281, -6895.7379443895015, 5473.4058693679626, -4480.7173399653311, 3753.7884368495443, -3202.0009401983721, 2771.2891644877413, -2427.4696802061198, 2147.9179136221469, -1917.0943425163391, 1723.9936265908311, -1560.6180437057319, 1421.0262323514883, -1300.7197449800788, 1196.2356130667642, -1104.8687174966485, 1024.4783091349345, -953.35046548027287, 890.09856377095298, -833.59010901687736, 782.89216102773855, -737.23010000913678, 695.95609902925719, -658.52475533646611, 624.4740662866493, -593.41044052667735, 564.99678763033762, -538.94297892395275, 514.99815109918563, -492.94445391117563, 472.59193833660566, -453.7743519690606, 436.34566105571605, -420.17715826783336, 405.15504547821467, -391.17840394941476, 378.15748219502598, -366.01224566066543, 354.67114323704982, -344.07005417419595, 334.15138574399498, -324.86329739808434, 316.15903149251233, -307.99633413188735, 300.33695250168483, -293.14619734582811, 286.39256111470013, -280.04738384008596, 274.08456005401428, -268.48028111004078, 263.21280812944548, -258.26227151400849, 253.6104935678093, -249.24083127406774, 245.1380366965019, -241.28813283190786, 237.67830304293352, -234.29679245656689, 231.13281993222725, -228.17649938975941, 225.4187694472183, -222.85133045533749, 220.46658813352838, -218.25760311410647, 216.21804578963005, -214.34215593484328, 212.62470664145897, -211.06097216237185, 209.64669931309288, -208.37808212329699, 207.25173947127755, -206.26469546957404, 205.41436240174644, -204.69852603878508, 204.11533318947247, -203.66328136259065, 203.34121044058432, -203.14829628449661, 101.54202310450275
-5049.4985099666537, 10260.368149173168, -10776.756607413696, 11762.592191516615, -13487.811863433448, 16615.973051391426, -23170.248843374633, 43309.839129566644, -2473.7390516283454, -38342.435057671115, 18142.117603991228, -11483.350365394554, 8201.5837637296609, -6265.1869446297678, 4997.7732751846215, -4110.0152942294126, 3457.6320209019204, -2960.7395429502917, 2571.6053828986692, -2260.0009075002804, 2005.88407455793, -1795.4639547416232, 1618.9551483269427, -1469.2327918924798, 1340.9936635902793, -1230.2146488766205, 1133.7926776602023, -1049.299093101873, 974.80826660348259, -908.77560994473254, 849.94919170128753, -797.30467308161622, 749.99671762428306, -707.32222803066577, 668.69219940597327, -633.60993425653703, 601.65401242004623, -572.46485518054635, 545.73403454056643, -521.1956994384592, 498.6196490994887, -477.80569866961025, 458.57906662434965, -440.7865759548481, 424.29350790118275, -408.98098230494287, 394.74376552243041, -381.4884274516005, 369.13178515433287, -357.5995829508721, 346.82536857277466, -336.74953261392335, 327.3184845874041, -318.4839437346435, 310.20232661202243, -302.43421660547864, 295.14390305402191, -288.29897972138571, 281.86999403674031, -275.83013990526712, 270.15498802621221, -264.82224859630242, 259.81156205701217, -255.10431419458698, 250.6834724455596, -246.53344071674167, 242.63993041269768, -238.98984568795865, 235.57118121587317, -232.37293099930164, 229.38500694715566, -226.59816611066125, 224.00394561881239, -221.59460447761654, 219.36307150560356, -217.30289877133237, 215.40821997951383, -213.67371332274269, 212.09456837726759, -210.66645667505824, 209.38550563178524, -208.24827555216578, 207.25173947127755, -206.39326562360455, 205.67060236137158, -205.0818653706709, 204.62552705846124, -204.30040800613497, 204.10567040636801, -102.02040670986652
3996.7866429306873, -8094.3376404278943, 8412.3349009793674, -9001.2210744862241, 9977.871632195609, -11592.345731315549, 14442.610941449553, -20337.519202167485, 38342.435057671115, -1947.1102129818937, -34435.744271580552, 16392.949375383389, -10433.304944312078, 7488.8756885279954, -5746.8508298794059, 4603.4722521520789, -3800.3376735428506, 3208.4941661718476, -2756.4810009785424, 2401.5546641189399, -2116.6147523934519, 1883.670739476187, -1690.3268096935824, 1527.7751712934567, -1389.5935001922383, 1270.9944261478283, -1168.3407222458461, 1078.8227187854425, -1000.2380634153484, 930.83792288487393, -869.21741603445639, 814.2361562115484, -764.95970223728114, 720.6157907876302, -680.5611888830382, 644.2562895188571, -611.24542893649618, 581.14148395891038, -553.61370732665591, 528.37803829679751, -505.18932374206673, 483.83502708364585, -464.13010557866727, 445.91281223546071, -429.04123480680641, 413.39042636861274, -398.85001375817131, 385.32219434095515, -372.72005014759304, 360.96612278521582, -349.99120371188417, 339.73330323005729, -330.13676847051732, 321.15152612535394, -312.7324300670565, 304.83869750325579, -297.43342014883859, 290.4831391919393, -283.9574746982974, 277.82880162580977, -272.07196587523873, 266.66403483703249, -261.58407775006248, 256.81297189913971, -252.33323127108278, 248.12885478523521, -244.18519163087564, 240.48882159484052, -237.02744855918843, 233.78980560007579, -230.76557033271831, 227.94528932956882, -225.32031059472902, 222.88272321135437, -220.62530339388985, 218.54146627629513, -216.6252228534141, 214.87114156733728, -213.27431409571378, 211.83032495592434, -210.53522458906002, 209.38550563178524, -208.37808212329699, 207.51027142947865, -206.77977869764047, 206.18468368351608, -205.7234298179352, 205.39481540426505, -205.19798685969286, 102.5662169670362
-3243.8024146322832, 6553.8209310361699, -6760.7467819125213, 7135.9438805970003, -7736.2635063391126, 8672.7703253863783, -10175.09805364943, 12786.121657692704, -18142.117603991228, 34435.744271580552, -1570.3107765762713, -31286.916234172117, 14968.421170492516, -9570.1289853766521, 6898.0382929998814, -5313.8424432837737, 4271.7714828748994, -3538.1560729875155, 2996.3283561348944, -2581.5955790109479, 2255.2341421078281, -1992.6719510659598, 1777.5819111713522, -1598.7031877537734, 1448.0260271493073, -1319.7035778473796, 1209.3724799913418, -1113.7137820007795, 1030.1606306789051, -956.69859026484255, 891.72611702664085, -833.95509671258742, 782.33866603427373, -736.01798978053387, 694.28244557654148, -656.53944694610459, 622.29129767601228, -591.11724490629467, 562.65942351497949, -536.61174625965089, 512.71104725101941, -490.72996579673099, 470.47118651323314, -451.7627452177282, 434.45417886567316, -418.41334880927371, 403.52380485878962, -389.6825865004102, 376.79837962529734, -364.78996402138233, 353.58489995300278, -343.1184123394703, 333.33243903249803, -324.17481599729246, 315.59857720758129, -307.56135106115198, 300.02483833020199, -292.95435924873266, 286.31845943729775, -280.08856607427941, 274.2386871209186, -268.74514755598409, 263.58635752355946, -258.74260808224307, 254.19589089649648, -249.92973875524694, 245.929084258655, -242.18013439689474, 238.67025906758326, -235.3878918514591, 232.32244159745738, -229.46421356536959, 226.80433904244435, -224.33471249427009, 222.04793543392179, -219.93726629986659, 217.99657572516591, -216.22030666032137, 214.60343888154907, -213.14145747691285, 211.83032495592434, -210.66645667505824, 209.64669931309288, -208.76831216709149, 208.02895107289987, -207.42665478386007, 206.95983366856979, -206.62726061341962, 206.42806403874343, -103.18086147954587
2686.6938764457282, -5418.7328747818237, 5559.4194617610146, -5810.6470412954322, 6202.5654981939088, -6790.4496268795383, 7678.0505228016436, -9076.7130290786281, 11483.350365394554, -16392.949375383389, 31286.916234172117, -1291.4139688656328, -28698.463767124442, 13787.482489257676, -8849.047782098407, 6401.0037757999853, -4947.2456204334994, 3989.2950905184516, -3313.6771385809429, 2813.7698094831167, -2430.4248534004096, 2128.2187658665357, -1884.6598078238944, 1684.7929728997483, -1518.2960459319868, 1377.8210128373034, -1257.9995157398014, 1154.8217283708948, -1065.2348117612364, 986.87549843479098, -917.88734400771068, 856.79297773813391, -802.40299201961625, 753.74979186854694, -710.03879128926133, 670.61188387335949, -634.91974038370074, 602.50054844394811, -572.96351740474279, 545.97595162343907, -521.25302636555898, 498.54963207723262, -477.65381698851525, 458.38147594789194, -440.57201909493881, 424.08481694337644, -408.7962651774028, 394.59734747717778, -381.39160115736485, 369.0934105789749, -357.6265687963604, 346.92305989967673, -336.92202386528237, 327.56887306438381, -318.81453537373477, 310.61480343365866, -302.92977327398734, 295.72335847991098, -288.96286845193163, 282.61864124627965, -276.66372305661633, 271.07358768655166, -265.82589042182627, 260.90025158533689, -256.27806578267803, 251.94233344846853, -247.87751180679339, 244.06938278051757, -240.50493573849934, 237.17226326852585, -234.06046841662354, 231.1595820480203, -228.46048916779361, 225.95486319535604, -223.63510732070779, 221.49430218537969, -219.52615923017134, 217.7249791376085, -216.08561487157604, 214.60343888154907, -213.27431409571378, 212.09456837726759, -211.06097216237185, 210.1707190374905, -209.42140904896215, 208.81103456927832, -208.33796857327087, 208.00095520374111, -207.79910253046612, 103.8659387146911
-2262.982004991341, 4558.0916481174081, -4657.2287296218219, 4832.2497935089905, -5100.2536303426241, 5491.1648157819127, -6057.4318081871825, 6895.7379443895015, -8201.5837637296609, 10433.304944312078, -14968.421170492516, 28698.463767124442, -1079.1793790108079, -26536.118534677145, 12794.032697973651, -8238.5605806444582, 5977.7291551194176, -4633.3667518326611, 3746.237645763114, -3119.6378469308379, 2655.2975584937553, -2298.6844546538259, 2017.1267489792087, -1789.8704125100371, 1603.1087265136198, -1447.3065941426009, 1315.6721107478002, -1203.2399158582705, 1106.298605139164, -1022.0204796595347, 948.21490681481123, -883.15972175484831, 825.48333181356384, -774.08060467432279, 728.05177649906841, -686.65736251601379, 649.2843935559722, -615.42079994235212, 584.63574329804351, -556.56434941281623, 530.89573798790673, -507.36355024925427, 485.7383889510786, -465.82173675611966, 447.44102778603929, -430.44562622158492, 414.70352394640355, -400.09861236895733, 386.52841588809821, -373.90219891483503, 362.13937700361424, -351.16817697225565, 340.92450198135515, -331.35096619191273, 322.39607040736212, -314.01349546684281, 306.16149441561839, -298.80236788155389, 291.90200982022895, -285.42951299850336, 279.35682537725995, -273.65845001395621, 268.3111823010035, -263.2938793389979, 258.58725705549261, -254.17371135284438, 250.03716012855838, -246.1629034791566, 242.53749979052063, -239.14865574728231, 235.98512857199367, -233.03663904032334, 230.29379401855908, -227.74801744017168, 225.39148878392427, -223.21708824100233, 221.2183478662036, -219.38940810110387, 217.7249791376085, -216.22030666032137, 214.8711415673373, -213.67371332274269, 212.62470664145897, -211.7212412490592, 210.96085449668251, -210.34148664488646, 209.86146866085014, -209.51951240132959, 209.31470307965688, -104.62324696965986
1933.2496023070241, -3889.922257401261, 3961.8952260949659, -4087.849006621841, 4278.0169036364832, -4549.6896770967887, 4931.6728857974676, -5473.4058693679626, 6265.1869446297678, -7488.8756885279954, 9570.1289853766521, -13787.482489257676, 26536.118534677145, -913.89740386193887, -24705.417521348107, 11948.010804082045, -7715.8636554561099, 5613.5215593123057, -4362.0502762433207, 3535.2485625537038, -2950.5388791826272, 2516.6922769596631, -2183.0715952033015, 1919.3298795679586, -1706.1832293031973, 1530.797848428117, -1384.306625534073, 1260.3904006847013, -1154.4270074292342, 1062.959644296714, -983.35305343995287, 913.56444425949758, -851.98686724648542, 797.33966454221968, -748.59029239140978, 704.89752351423351, -665.56951445631762, 630.0323958522165, -597.80643397068593, 568.48772087748171, -541.73395640338606, 517.25329611975519, -494.79552290386272, 474.14499798005005, -455.11498800473362, 437.54306583875263, -421.28735612788813, 406.22345081396224, -392.24185979334743, 379.24589199340068, -367.14988486665402, 355.87771763715631, -345.36155695816353, 335.54079395929801, -326.36113970859486, 317.7738524323824, -309.73507482670817, 302.20526376023429, -295.14869783838287, 288.5330508455778, -282.3290211395888, 276.51000874160854, -271.05183322713617, 265.93248663786306, -261.13191655204241, 256.63183520848634, -252.4155512076367, 248.4678208361635, -244.7747164985297, 241.3235101053715, -238.10256957684473, 235.10126687939868, -232.30989623494349, 229.71960132880304, -227.32231050267126, 225.11067905553946, -223.07803789296571, 221.21834786620354, -219.52615923017134, 217.99657572516591, -216.6252228534141, 215.40821997951383, -214.34215593484325, 213.42406785117981, -212.65142298902157, 212.0221033622299, -211.53439299331598, 211.18696766358156, -210.97888704993966, 105.45479458302896
-1671.6322904082956, 3360.7627759716784, -3414.3512717369103, 3507.4872930695956, -3646.5724599088926, 3842.1319840939955, -4111.032360078183, 4480.7173399653311, -4997.7732751846215, 5746.8508298794059, -6898.0382929998814, 8849.047782098407, -12794.032697973651, 24705.417521348107, -782.63473945777514, -23137.977961063469, 11220.049369779619, -7264.0451301260582, 5297.3665581166188, -4125.606741714394, 3350.7102531885876, -2802.1408526280748, 2394.6748449452011, -2080.999897015261, 1832.7553218777045, -1631.9145910467842, 1466.4770179334116, -1328.1482221605415, 1211.0149337287407, -1110.7500733324412, 1024.1160835302655, -948.64367878196026, 882.41777810733754, -823.93111804425519, 771.98184672817581, -725.60042989715112, 683.99653522810559, -646.51980894048825, 612.63048813355829, -581.87709108570812, 553.87927682738905, -528.31453126994882, 504.90772115723433, -483.42282187034283, 463.65631040769131, -445.43184632566965, 428.59595788655508, -413.01451933714867, 398.56985572098046, -385.15834911099796, 372.68844825049757, -361.07900484552192, 350.2578759649395, -340.16074446911324, 330.73011904251644, -321.91448293611677, 313.66756643821412, -305.94772276441705, 298.71739077107992, -291.9426308651266, 285.59272286907975, -279.63981652752068, 274.0586269059059, -268.82616820885181, 263.92152059057327, -259.32562539045898, 255.02110493757365, -250.99210365749093, 247.22414770583455, -243.70402076326934, 240.41965397089638, -237.36002827477725, 234.5150876930692, -231.87566222672345, 229.43339931114099, -227.18070285676481, 225.11067905553946, -223.21708824100233, 221.49430218537969, -219.93726629986659, 218.54146627629513, -217.30289877133237, 216.21804578963005, -215.2838524711876, 214.49770803161971, -213.8574296429274, 213.36124907752952, -213.00780197038651, 212.79611958363418, -106.362811492888
1460.5882270554209, -2934.5264295565025, 2975.3014804888244, -3045.7776928164558, 3150.1112351965289, -3294.9889882646685, 3490.8048044191301, -3753.7884368495443, 4110.0152942294126, -4603.4722521520789, 5313.8424432837737, -6401.0037757999853, 8238.5605806444582, -11948.010804082045, 23137.977961063469, -676.61923239862199, -21783.085294693716, 10588.133257150852, -6870.2998963999207, 5020.8465195889821, -3918.1084087386298, 3188.2569154239427, -2671.1239514791287, 2286.6590641666648, -1990.4158226270847, 1755.7468883227373, -1565.711254166994, 1409.028161213057, -1277.8986680555502, 1166.7610126887832, -1071.5439709953184, 989.20031819459803, -917.40504100787825, 854.35421843736185, -798.62747291139203, 749.09173433974274, -704.83253982485598, 665.10410260990477, -629.29243376799536, 596.88770622181164, -567.46327048541218, 540.6595290103038, -516.17140762053623, 493.73852320586724, -473.13739555295109, 454.17522526243152, -436.68488320786048, 420.52084574426118, -405.55587440508685, 391.67828626252259, -378.78969635372022, 366.80313998748522, -355.64150272607799, 345.23620107877315, -335.52606866342364, 326.45641167081601, -317.97820454881565, 310.04740238501068, -302.62435086177345, 295.67327815182642, -289.16185591605171, 283.06081881093638, -277.34363372752034, 271.98621145699855, -266.96665468002129, 262.26503716163637, -257.86320984440397, 253.74463020209171, -249.8942117721918, 246.29819124847688, -242.94401090189641, 239.82021442293947, -236.91635455213589, 234.22291109655023, -231.7312181261936, 229.43339931114099, -227.32231050267126, 225.39148878392427, -223.63510732070779, 222.04793543392179, -220.62530339388985, 219.36307150560356, -218.25760311410644, 217.30574121233093, -216.50478838080591, 215.85248983076724, -215.34701936018476, 214.98696806680377, -214.77133569415247, 107.34976225808252
-1287.8797291691301, 2586.1333298575928, -2617.7491496288617, 2672.1495585468806, -2752.1197148467286, 2862.0629066889724, -3008.6582834534706, 3202.0009401983721, -3457.6320209019204, 3800.3376735428506, -4271.7714828748994, 4947.2456204334994, -5977.7291551194176, 7715.8636554561099, -11220.049369779619, 21783.085294693716, -589.73068424656924, -20602.340151045712, 10035.437689630227, -6524.7565945790257, 4777.4195402686855, -3734.9133271647956, 3044.4452990915552, -2554.8523019380268, 2190.578572404494, -1909.6688460639789, 1686.9659594769473, -1506.4736697872381, 1357.5382751243635, -1232.7927282414337, 1126.9819735964395, -1036.2582523238959, 957.74075012610831, -889.23072996126439, 829.02167446311296, -775.76942751512661, 728.40132965641362, -686.05134483371887, 648.01290483439857, -613.70407604706986, 582.6414520622975, -554.42032683697505, 528.69945581124784, -505.18921410372013, 483.64230134296741, -463.84637744839409, 445.61817798104659, -428.79877427330371, 413.2497273303166, -398.84994541842019, 385.49310004222423, -373.08548827430548, 361.54425434168019, -350.79590224164787, 340.77504555474752, -331.42335169210287, 322.68864639024071, -314.52415095723416, 306.88783002890955, -299.74183174710095, 293.05200557416231, -286.78748559849259, 280.92032930871937, -275.42520352971792, 270.27911060683044, -265.46114906138251, 260.95230387229145, -256.73526230549788, 252.79425184691971, -249.11489732078456, 245.68409471358018, -242.48989959051121, 239.52142829913052, -236.76877041413078, 234.22291109655023, -231.87566222672345, 229.71960132880309, -227.74801744017168, 225.95486319535601, -224.33471249427009, 222.88272321135437, -221.59460447761654, 220.46658813352838, -219.49540400874113, 218.67825873592767, -218.01281785187697, 217.49719098018969, -217.12991992739956, 216.90996955879004, -108.41836067612462
1144.7589190287481, -2297.7104802332638, 2322.633548579749, -2365.3594483302268, 2427.8063730550143, -2512.9637175176217, 2625.2765856525498, -2771.2891644877413, 2960.7395429502917, -3208.4941661718476, 3538.1560729875155, -3989.2950905184516, 4633.3667518326611, -5613.5215593123057, 7264.0451301260582, -10588.133257150852, 20602.340151045712, -517.59366643901615, -19566.140749508799, 9548.8870106933991, -6219.6850672248029, 4561.9261078980971, -3572.3358723813876, 2916.5242608993826, -2451.207326550672, 2104.7632251458717, -1837.4178680467755, 1625.3194377962247, -1453.2997269859927, 1311.2549595796677, -1192.1971217461653, 1091.1405313140253, -1004.433855224967, 929.34268156752421, -863.77946878800401, 806.12355244470405, -755.09802535491349, 709.68358135769154, -669.05699816065419, 632.54641684229159, -599.59830374950593, 569.75268558069081, -542.62433963371598, 517.88833463316803, -495.26879314654991, 474.53006930195647, -455.46975805505377, 437.91310801294111, -421.70852034944039, 406.72389577755007, -392.84364930469133, 379.96625496004191, -368.00221422204083, 356.87236552354295, -346.50647010503405, 336.84202313819793, -327.8232495408551, 319.4002520385402, -311.5282853747766, 304.16713555728887, -297.28058696785274, 290.83596329685184, -284.80373076940401, 279.15715414471561, -273.87199759871618, 268.92626392262116, -264.29996654938452, 259.97492980476943, -255.93461350822633, 252.16395865104167, -248.64925137920341, 245.37800292512264, -242.3388434809672, 239.52142829913052, -236.91635455213589, 234.5150876930692, -232.30989623494352, 230.29379401855908, -228.46048916779361, 226.80433904244435, -225.32031059472902, 224.00394561881239, -222.85133045533749, 221.85906977663959, -221.02426413458565, 220.34449100305906, -219.81778909207824, 219.44264575132607, -219.21798731829375, 109.5715861505151
-1024.8382149744309, 2056.2400551238966, -2076.1772359730066, 2110.2503463839607, -2159.8124676318453, 2226.9472871415178, -2314.7025899909336, 2427.4696802061198, -2571.6053828986692, 2756.4810009785424, -2996.3283561348944, 3313.6771385809429, -3746.237645763114, 4362.0502762433207, -5297.3665581166188, 6870.2998963999207, -10035.437689630227, 19566.140749508799, -457.01275649631066, -18651.306248580444, 9118.1686239348255, -5948.9477088959475, 4370.2437925507211, -3427.4137321514095, 2802.27017963054, -2358.4676209041945, 2027.8492061860713, -1772.5626006916516, 1569.9065085412021, -1405.4428711781522, 1269.5530778704801, -1155.5837056044227, 1058.7870122523943, -975.68528916752814, 903.67362757900173, -840.7629227064632, 785.40857412437492, -736.39330636899194, 692.74516468824402, -653.67895842050086, 618.553689365384, -586.84109847444608, 558.10208662953858, -531.96880360782643, 508.13087821670882, -486.32471515156897, 466.32509121397334, -447.93849529730926, 430.99780477462411, -415.35799610844043, 400.89266309676276, -387.49117114119002, 375.05631633842091, -363.50238821511761, 352.75355743662368, -342.74252685215987, 333.40939723488839, -324.70070906998876, 316.56862948813267, -308.97025948463738, 301.86704131141346, -295.22424968116428, 289.01055340734342, -283.19763648996457, 277.75986957651475, -272.6740242784694, 267.91902408402524, -263.47572663611203, 259.32673298796027, -255.45622014286772, 251.84979375901622, -248.49435837698834, 245.37800292512264, -242.48989959051121, 239.82021442293947, -237.36002827477725, 235.10126687939868, -233.03663904032334, 231.1595820480203, -229.46421356536956, 227.94528932956882, -226.59816611066128, 225.4187694472183, -224.40356575002724, 223.54953842658432, -222.85416773420167, 222.3154141188181, -221.93170484120714, 221.70192373312241, -110.81270198191247
923.36541214354634, -1852.0573334105293, 1868.2160563930158, -1895.7598526656955, 1935.6635422930076, -1989.4133281242184, 2059.1533282614505, -2147.9179136221469, 2260.0009075002804, -2401.5546641189399, 2581.5955790109479, -2813.7698094831167, 3119.6378469308379, -3535.2485625537038, 4125.606741714394, -5020.8465195889821, 6524.7565945790257, -9548.8870106933991, 18651.306248580444, -405.61006818070661, -17839.431478629031, 8735.0428055359589, -5707.6114334480671, 4199.0406257768709, -3297.7399435634384, 2699.8672778924388, -2275.2208805942469, 1958.7126032579708, -1714.1924852801537, 1519.9787236848888, -1362.2804915957192, 1231.9094302138681, -1122.5089796554175, 1029.5426210080238, -949.6868645340785, 880.45190238913244, -819.93617746949292, 766.66278651741845, -719.46756527240768, 677.42076470378424, -639.77111944829198, 605.90518213244877, -575.3172761732053, 547.58696894479681, -522.36195872641065, 499.34491713371818, -478.28326091532779, 458.96112024719139, -441.19297289120425, 424.81855513957464, -409.69876091871282, 395.71231262098109, -382.75303973336571, 370.72763993188954, -359.55382598160099, 349.15878328267331, -339.47787917179619, 330.45357750180267, -322.03452157003716, 314.17475586409284, -306.83306286666669, 299.97239569647587, -293.55939094745423, 287.56394893983276, -281.95887087739186, 276.71954423930202, -271.82366921767544, 267.251020216482, -262.9832374107275, 259.00364417104805, -255.29708682292835, 251.84979375901622, -248.64925137920341, 245.68409471358018, -242.94401090189641, 240.41965397089638, -238.10256957684473, 235.98512857199367, -234.06046841662348, 232.32244159745738, -230.76557033271831, 229.38500694715566, -228.17649938975941, 227.1363614448918, -226.26144725611658, 225.54912984271877, -224.99728334317089, 224.60426876880155, -224.36892309570234, 112.1452757821928
-836.74581902795728, 1677.8644930935232, -1691.1157085629534, 1713.6534135312497, -1746.1932340594333, 1789.8169608779349, -1846.0671982457145, 1917.0943425163391, -2005.88407455793, 2116.6147523934519, -2255.2341421078281, 2430.4248534004096, -2655.2975584937553, 2950.5388791826272, -3350.7102531885876, 3918.1084087386298, -4777.4195402686855, 6219.6850672248029, -9118.1686239348255, 17839.431478629031, -361.58630839472534, -17115.723327232481, 8392.849769815195, -5491.6679681405867, 4045.5957696308378, -3181.3397444433372, 2607.8191850752773, -2200.2983332409899, 1896.4196062426995, -1661.5481350583682, 1474.9096796903541, -1323.2897601526549, 1197.8832843149269, -1092.5982436507356, 1003.0864369536584, -926.16193753220898, 859.43766228011964, -801.09023286958688, 749.70323516626559, -704.15999124904602, 663.56851292773035, -627.20790819203592, 594.48941349701147, -564.92759957504666, 538.11878268619716, -513.7246231047925, 491.45951370708713, -471.08077555887701, 452.38095834527098, -435.18173723175033, 419.32903336275177, -404.6890814435946, 391.14523701980426, -378.59536636875379, 366.94969890170842, -356.1290494452972, 346.06333837270262, -336.69035314344126, 327.95470670582313, -319.80695736525803, 312.2028618112144, -305.10273852828226, 298.4709231632819, -292.27530085665842, 286.48690327946747, -281.07956030345366, 276.02959799002525, -271.31557600543402, 266.91805872444661, -262.81941522767727, 259.00364417104805, -255.45622014286772, 252.16395865104167, -249.11489732078456, 246.29819124847688, -243.70402076326934, 241.3235101053715, -239.14865574728225, 237.17226326852585, -235.3878918514591, 233.78980560007579, -232.37293099930164, 231.13281993222725, -230.06561775970835, 229.16803604298707, -228.43732955732128, 227.87127730463206, -227.46816728725705, 227.22678485420693, -113.57320223845417
