8687.9999999999873, -13836.867864739654, 7533.3148475975022, -3723.7714864529758, 2195.9173864550485, -1455.1548744555505, 1044.4080447106339, -794.43557927711038, 631.79510753025284, -520.63352570137386, 441.81992083400092, -384.41909271458832, 341.83340016728818, -309.90971558231985, 285.94792719395787, -268.15350002130702, 255.32239776010348, -246.65436105509713, 241.64096775120458, -119.99999999999993
4041.181639228414, -5791.9572991410478, 2114.6802606344004, -515.68147735792024, 236.02783299939233, -138.7328121136533, 93.215698608923319, -68.123413298741141, 52.786425208284292, -42.733317385085094, 35.81086511546777, -30.874177653496123, 27.268007611524681, -24.595847872723972, 22.607531806172258, -21.140569927319135, 20.087833672211843, -19.379047163115661, 18.969978484485562, -9.4181114561744401
-257.84073867896012, 995.41044449340404, -1228.1637299945949, 589.61631008979737, -138.73281211365338, 61.142218066186231, -35.062238400794143, 23.24243114834286, -16.887504649052776, 13.076261880399009, -10.614427862985984, 8.939709868156406, -7.7589493055668033, 6.9072217370578928, -6.2862945548058446, 5.8352038713129053, -5.5151655833913908, 5.3014222149845356, -5.1786970810166784, 2.5693348551810318
52.733134096043955, -138.73281211365347, 395.87449345832346, -549.22856210202258, 288.07430487388575, -68.123413298741085, 29.76317268581003, -16.887504649052737, 11.099692114046189, -8.0213699141680905, 6.1964660419623216, -5.0315460400625174, 4.2488659544356926, -3.7047606153832167, 3.3191891732396743, -3.0450664940360141, 2.8536869919442767, -2.727322781842668, 2.6552980166371682, -1.3159453973662794
-17.531119200397054, 40.812811014234462, -68.123413298741127, 221.93889999669813, -325.11160227445475, 178.54134788364749, -42.733317385085122, 18.722151001575991, -10.614427862985995, 6.9666931103646981, -5.0315460400625378, 3.8901489057336613, -3.1669148444642881, 2.6859670636696649, -2.3565161517440139, 2.1282553147828178, -1.9719254236280994, 1.8701027933879186, -1.8125724207910063, 0.89697781825929868
7.6632068038415175, -16.887504649052776, 23.075382531811133, -42.733317385085115, 148.65531101031925, -225.10579044953468, 127.33876511164351, -30.874177653496126, 13.624608945778357, -7.7589493055667953, 5.1105371553245469, -3.7047606153832264, 2.8775817023788286, -2.3565161517440059, 2.0137323422218425, -1.7833205491196114, 1.6290037320442601, -1.530065621558494, 1.4747263064046487, -0.72845326122700915
-4.0106849570840595, 8.5821642102763516, -10.614427862985986, 15.740638702320277, -30.87417765349613, 111.75069607672039, -173.25710187865525, 100.16688236971852, -24.595847872723986, 10.955367228914362, -6.2862945548058375, 4.1697876754487035, -3.0450664940360195, 2.3848112729950932, -1.9719254236280928, 1.7044647701029574, -1.5300656215584938, 1.4203200835373968, -1.3596587039980244, 0.67011863293781848
2.3932586173568047, -5.0315460400625192, 5.8749043278883768, -7.7589493055667873, 12.086972228194355, -24.595847872723969, 91.496523606196718, -144.51050758165704, 85.028307806468817, -21.140569927319156, 9.5170572837079099, -5.5151655833913997, 3.6948792868894027, -2.7273227818426822, 2.1618547319727264, -1.812572420791007, 1.5923408186699448, -1.4569065224540245, 1.3831186804625157, -0.67982935199901529
-1.5834574222321427, 3.291077653792958, -3.7047606153832344, 4.5638141829117949, -6.2862945548058482, 10.121879819934724, -21.140569927319163, 80.289737414245621, -128.82768655819405, 76.966010858995418, -19.379047163115654, 8.8290116720922818, -5.1786970810166695, 3.5146141744248469, -2.6318907947325632, 2.1208567910940439, -1.8125724207909988, 1.6285216576047159, -1.5300656215584931, 0.7495179340524184
1.1428120139119751, -2.3565161517440023, 2.5875973400597592, -3.0450664940360173, 3.8885026095753474, -5.515165583391382, 9.0957337911920941, -19.379047163115647, 74.852068178773195, -121.83772001983819, 73.824222419604183, -18.836222912348923, 8.6996751619416131, -5.178697081016681, 3.5732946817041031, -2.7273227818426822, 2.2473122259435478, -1.9719254236280999, 1.8281254628156225, -0.89166027455980879
-0.89166027455980856, 1.828125462815622, -1.9719254236280994, 2.2473122259435478, -2.7273227818426822, 3.5732946817041031, -5.1786970810166801, 8.6996751619416113, -18.836222912348919, 73.824222419604183, -121.8377200198382, 74.852068178773195, -19.379047163115651, 9.0957337911920959, -5.5151655833913837, 3.8885026095753483, -3.0450664940360186, 2.5875973400597592, -2.3565161517440032, 1.1428120139119751
0.74951793405241829, -1.5300656215584931, 1.6285216576047157, -1.8125724207909983, 2.1208567910940435, -2.6318907947325632, 3.5146141744248469, -5.1786970810166695, 8.8290116720922818, -19.379047163115654, 76.966010858995418, -128.8276865581941, 80.289737414245621, -21.140569927319163, 10.121879819934724, -6.2862945548058482, 4.5638141829117949, -3.7047606153832344, 3.291077653792958, -1.5834574222321427
-0.67982935199901529, 1.3831186804625157, -1.4569065224540243, 1.5923408186699448, -1.812572420791007, 2.1618547319727264, -2.7273227818426822, 3.6948792868894023, -5.5151655833913988, 9.5170572837079099, -21.140569927319156, 85.028307806468817, -144.51050758165701, 91.496523606196718, -24.595847872723969, 12.086972228194355, -7.7589493055667873, 5.8749043278883777, -5.03154604006252, 2.3932586173568051
0.67011863293781893, -1.359658703998025, 1.4203200835373977, -1.5300656215584945, 1.7044647701029583, -1.9719254236280939, 2.3848112729950941, -3.0450664940360208, 4.1697876754487053, -6.2862945548058393, 10.955367228914364, -24.59584787272399, 100.16688236971854, -173.25710187865522, 111.75069607672039, -30.874177653496126, 15.740638702320272, -10.614427862985982, 8.582164210276348, -4.0106849570840577
-0.72845326122700949, 1.4747263064046494, -1.5300656215584947, 1.6290037320442607, -1.783320549119612, 2.0137323422218429, -2.3565161517440063, 2.877581702378829, -3.7047606153832273, 5.1105371553245487, -7.7589493055667953, 13.624608945778361, -30.874177653496126, 127.33876511164354, -225.10579044953477, 148.65531101031925, -42.733317385085115, 23.075382531811126, -16.887504649052776, 7.6632068038415149
0.8969778182592989, -1.8125724207910068, 1.8701027933879191, -1.9719254236280999, 2.1282553147828183, -2.3565161517440147, 2.6859670636696653, -3.1669148444642889, 3.8901489057336622, -5.0315460400625378, 6.966693110364699, -10.614427862985996, 18.722151001575995, -42.733317385085137, 178.54134788364752, -325.11160227445487, 221.9388999966981, -68.123413298741113, 40.812811014234462, -17.53111920039705
-1.31594539736628, 2.65529801663717, -2.7273227818426702, 2.8536869919442789, -3.0450664940360164, 3.319189173239677, -3.7047606153832189, 4.2488659544356944, -5.0315460400625192, 6.1964660419623252, -8.0213699141680959, 11.099692114046192, -16.887504649052744, 29.763172685810041, -68.123413298741099, 288.07430487388581, -549.22856210202247, 395.87449345832346, -138.73281211365344, 52.733134096043941
2.5693348551810322, -5.1786970810166801, 5.3014222149845365, -5.5151655833913917, 5.8352038713129062, -6.2862945548058455, 6.9072217370578946, -7.7589493055668051, 8.9397098681564078, -10.614427862985986, 13.076261880399011, -16.887504649052779, 23.242431148342863, -35.062238400794151, 61.142218066186246, -138.73281211365338, 589.61631008979737, -1228.1637299945951, 995.41044449340404, -257.84073867896012
-9.4181114561744401, 18.969978484485562, -19.379047163115661, 20.087833672211843, -21.140569927319135, 22.607531806172258, -24.595847872723972, 27.268007611524681, -30.874177653496123, 35.81086511546777, -42.733317385085094, 52.786425208284292, -68.123413298741141, 93.215698608923319, -138.7328121136533, 236.02783299939233, -515.68147735792024, 2114.6802606344004, -5791.9572991410478, 4041.181639228414
-119.99999999999997, 241.64096775120467, -246.65436105509721, 255.3223977601036, -268.15350002130714, 285.94792719395798, -309.90971558231996, 341.83340016728829, -384.41909271458843, 441.81992083400104, -520.63352570137408, 631.79510753025306, -794.43557927711072, 1044.4080447106342, -1455.154874455551, 2195.9173864550489, -3723.7714864529776, 7533.314847597504, -13836.867864739665, 8687.9999999999945
