1.0989426777658571e+020, -1.3362084749649292e+020, 3.3415619799429435e+019, -1.4859099995755319e+019, 8.3643226084816742e+018, -5.3581734941269811e+018, 3.725208906749205e+018, -2.740588297318036e+018, 2.1015373656191388e+018, -1.6634120113012544e+018, 1.3500295064113897e+018, -1.1181679844417092e+018, 9.4182446669232218e+017, -8.0459401429616051e+017, 6.9571220051547968e+017, -6.0787833264667072e+017, 5.3599924189110362e+017, -4.764341722680448e+017, 4.2652469314173715e+017, -3.84292996999576e+017, 3.4824301873582586e+017, -3.1722619440642214e+017, 2.9034891836187443e+017, -2.6690752700975766e+017, 2.4634183445204224e+017, -2.2820140782291718e+017, 2.1212074125083616e+017, -1.9780074277767821e+017, 1.8499476409182173e+017, -1.7349794236105501e+017, 1.6313898622864582e+017, -1.5377378577337757e+017, 1.4528039782369446e+017, -1.375550784342681e+017, 1.3050911987929075e+017, -1.2406631098586723e+017, 1.1816088427260245e+017, -1.1273584610476168e+017, 1.0774161032420485e+017, -1.0313487392484125e+017, 98877686987532256, -94936679446033904, 91282415177558496, -87888850013373840, 84732874996224624, -81793929903391696, 79053674952631248, -76495710896756960, 74105339529496944, -71869358075245448, 69775882098312704, -67814192504531664, 65974602966887920, -64248344723870432, 62627466203105672, -61104745335956496, 59673612768801584, -58328084457640128, 57062702365600576, -55872482176743336, 54752867101347296, -53699686983384608, 52709122034744520, -51777670616715560, 50902120570333640, -50079523665945424, 49307172800767416, -48582581623024192, 47903466303811808, -47267729214303080, 46673444297243224, -46118843948672640, 45602307249118224, -45122349403674392, 44677612267912408, -44266855851807160, 43888950707184128, -43542871115847008, 43227689005788480, -42942568531913488, 42686761265694424, -42459601945275528, 42260504743882704, -42088960020083424, 41944531518578864, -41826853994880320, 41735631241501264, -41670634497250744, 41631701224904088, -20809367123004280
3.3405211874123231e+019, -1.6697401974408503e+019, -2.227939369949259e+019, 8.3591121562758605e+018, -4.4614357482720323e+018, 2.7910056019309455e+018, -1.9160211098135176e+018, 1.3989876440010719e+018, -1.0675588381665992e+018, 8.4219021788606323e+017, -6.8190432906179226e+017, 5.6380200866412467e+017, -4.7425501242986374e+017, 4.0473410167103328e+017, -3.496767320926007e+017, 3.0532818902399456e+017, -2.6907898945021514e+017, 2.3906950462773715e+017, -2.1394527100049402e+017, 1.927007049189561e+017, -1.745764910971793e+017, 1.5899055303462294e+017, -1.4549060025628355e+017, 1.3372087082840733e+017, -1.2339841309976392e+017, 1.1429590163809242e+017, -1.0622900730295475e+017, 99046991986986672, -92625619929660224, 86861755496229872, -81669203835887056, 76975477945661200, -72719263546860960, 68848414752417480, -65318357179875664, 62090806506632032, -59132733198475264, 56415520800711808, -53914277503331400, 51607269887994936, -49475454685909080, 47502089626122216, -45672408466710560, 43973348390228208, -42393320338479056, 40922014728485328, -39550236456307872, 38269764251361752, -37073230361203624, 35954017278551812, -34906168809007860, 33924313250604516, -33003596838837356, 32139625921796636, -31328416583865392, 30566350644521404, -29850137129995996, 29176778456960544, -28543540684641236, 27947927289279716, -27387655996250628, 26860638273303664, -26364961145649436, 25898871041847536, -25460759420220240, 25049149960063204, -24662687131286836, 24300125981143536, -23960322998077900, 23642227931054996, -23344876458457424, 23067383614193712, -22808937890361868, 22568795945942240, -22346277859787580, 22140762873832348, -21951685579124768, 21778532503135600, -21620839061935924, 21478186845365788, -21350201207323328, 21236549136864656, -21136937388984228, 21051110856798264, -20978851169430040, 20919975502237892, -20874335588172200, 20841816921030140, -20822338143227544, 10407925306226022
-8.3539049498573588e+018, 2.227939369949259e+019, -4.1717436456165294e+018, -1.3378748851429378e+019, 5.5785339584289444e+018, -3.1907160464794378e+018, 2.096302488896651e+018, -1.4927198455141233e+018, 1.1212874231946446e+018, -8.7527682658068877e+017, 7.0343430905242189e+017, -5.7844000285278669e+017, 4.845699120525063e+017, -4.1222266131343219e+017, 3.5525244550234195e+017, -3.0957070404554387e+017, 2.723685154527904e+017, -2.4166267102300579e+017, 2.1601967157892826e+017, -1.9438196891286352e+017, 1.759552381348263e+017, -1.601332987516377e+017, 1.464469392565959e+017, -1.3452830943880544e+017, 1.2408568388849224e+017, -1.1488527657568141e+017, 1.0673793790213738e+017, -99489289249109744, 93012314622487376, -87201733133163184, 81969678727198208, -77242350866702400, 72957394263193616, -69061831584519216, 65510419542091136, -62264331991305552, 59290097693015904, -56558737923170560, 54045062053059960, -51727088850343120, 49585568478925360, -47603585646274048, 45766228519046656, -44060311233210968, 42474140304242304, -40997317173418424, 39620570638576272, -38335614109494784, 37135023572542456, -36012132901716880, 34960943755800512, -33976047786277516, 33052559272709752, -32186056620658492, 31372531416915896, -30608343949475164, 29890184274522000, -29215038057042088, 28580156531181972, -27983030025873248, 27421364584119196, -26893061273708356, 26396197845353764, -25929012443295396, 25489889114822984, -25077344900261300, 24690018314764084, -24326659058649996, 23986118814697616, -23667343009386920, 23369363431019076, -23091291611374032, 22832312889413112, -22591681085788416, 22368713725818108, -22162787756329360, 21973335708527040, -21799842264960108, 21641841193850620, -21498912618626196, 21370680594544772, -21256810967895680, 21157009496470496, -21071020212876356, 20998624014863468, -20939637469201176, 20893911817800224, -20861332176778196, 20841816921030140, -10417658624312686
3.7147749989388298e+018, -8.3591121562758605e+018, 1.3378748851429378e+019, -1.852170545564226e+018, -9.56817290456499e+018, 4.1899932459320172e+018, -2.4857999421748429e+018, 1.6801846864700728e+018, -1.2238604961572372e+018, 9.365485694715145e+017, -7.4247237990247808e+017, 6.0457943752256333e+017, -5.0278029991594029e+017, 4.2532775361100211e+017, -3.6494295380378074e+017, 3.1690353092436614e+017, -2.7802870585687334e+017, 2.4610816569084752e+017, -2.1956487089674928e+017, 1.9724781375586058e+017, -1.783002150188024e+017, 1.6207318975360326e+017, -1.4806772346783699e+017, 1.358947821567041e+017, -1.2524733218927902e+017, 1.1588035818967613e+017, -1.0759635999520456e+017, 1.0023467107020789e+017, -93663485948026240, 87773836756146256, -82474991189966192, 77690900116906688, -73357429194960736, 69420182353751960, -65832776502085336, 62555463410612536, -59554021006225704, 56798855411977360, -54264269082235936, 51927860768375432, -49770030815321448, 47773571144234112, -45923323726630472, 44205894762973608, -42609414406918040, 41123333917027808, -39738253712363552, 38445777061946728, -37238385129362064, 36109329881878384, -35052542003371072, 34062551456303300, -33134418746397756, 32263675274743056, -31446271431725380, 30678531307692176, -29957113076320096, 29278974255909164, -28641341177310000, 28041682089725164, -27477683421058516, 26947228780910216, -26448380354217028, 25979362383936520, -25538546483703472, 25124438557383176, -24735667132999912, 24370972944524732, -24029199617203200, 23709285331099504, -23410255353832796, 23131215347505580, -22871345366920420, 22629894476644228, -22406175923553496, 22199562809384868, -22009484214698412, 21835421731681968, -21676906368510144, 21533515792625388, -21404871884424640, 21290638576488376, -21190519956748864, 21104258616917948, -21031634230132556, 20972462344172692, -20926593378801116, 20893911817800224, -20874335588172200, 10433907810375316
-2.0910806521204186e+018, 4.4614357482720323e+018, -5.5785339584289444e+018, 9.56817290456499e+018, -1.0403119693108507e+018, -7.4543028293382226e+018, 3.3582760720440468e+018, -2.0380732256761244e+018, 1.4033641437609654e+018, -1.0381659695028196e+018, 8.0493373731853747e+017, -6.453573127819712e+017, 5.3066525107116371e+017, -4.451141215309385e+017, 3.7941432529439661e+017, -3.2775910585751821e+017, 2.8634934756351101e+017, -2.5260557060235098e+017, 2.2472165277895952e+017, -2.0139966639094627e+017, 1.8168588037624058e+017, -1.6486581577643235e+017, 1.5039509140178979e+017, -1.3785267521050888e+017, 1.2690856462199266e+017, -1.1730099316772883e+017, 1.0882006730624186e+017, -1.0129583021983242e+017, 94589428201320928, -88586486768428416, 83192083831319856, -78326892678522224, 73924192438759744, -69927529145374328, 66288869885774496, -62967134301718936, 59927017490935216, -57138039841002936, 54573774986890856, -52211218617145584, 50030269428901200, -48013299964417232, 46144799927626584, -44411078288891320, 42800013335577360, -41300842030102136, 39903981753324296, -38600878855956232, 37383879500791728, -36246119118993984, 35181427473623120, -34184246860356916, 33249561407572596, -32372835787621752, 31549961935291040, -30777212601369892, 30051200759329768, -29368844039527812, 28727333494541116, -28124106106343376, 27556820535145824, -27023335684115924, 26521691716496080, -26050093214001160, 25606894209501848, -25190584864307236, 24799779591990548, -24433206457596176, 24089697703997948, -23768181276784568, 23467673235855976, -23187270956362388, 22926147034070360, -22683543821001360, 22458768526514436, -22251188827108196, 22060228935280544, -21885366083959252, 21726127388431788, -21582087052469620, 21452863889553524, -21338119133843688, 21237554518869908, -21150910604903680, 21077965338667048, -21018532831478332, 20972462344172692, -20939637469201176, 20919975502237892, -10456713498720080
1.3395433735317453e+018, -2.7910056019309455e+018, 3.1907160464794378e+018, -4.1899932459320172e+018, 7.4543028293382226e+018, -6.6452862032604928e+017, -6.1116804915781222e+018, 2.8049798705512596e+018, -1.7288394166617124e+018, 1.2061468906986583e+018, -9.0237430837229274e+017, 7.0652479608000358e+017, -5.713383229226377e+017, 4.733808139322393e+017, -3.9976167496023539e+017, 3.4283317761527232e+017, -2.9778858877211149e+017, 2.6146592282306346e+017, -2.3170681830852637e+017, 2.0699216152166877e+017, -1.8622479110943968e+017, 1.6859459992822067e+017, -1.5349188346561491e+017, 1.4045002223842144e+017, -1.2910658798371744e+017, 1.1917635360859757e+017, -1.1043218831069698e+017, 1.026912926777296e+017, -95805122269797936, 89651904614160320, -84131009191573872, 79158660863418320, -74664640388191584, 70589719125378392, -66883646004884424, 63503554262299712, -60412690320764224, 57579392127963944, -54976262279931464, 52579494436042376, -50368321254907880, 48324559329086984, -46432232046637416, 44677255439792712, -43047175238770656, 41530945779610888, -40118743299405448, 38801807622835192, -37572307398680560, 36423224957154872, -35348257583556456, 34341732582508220, -33398533971692756, 32514039018835612, -31684063139507284, 30904811920670996, -30172839237153076, 29485010594264316, -28838470966669508, 28230616516846476, -27659069670514956, 27121657104781500, -26616390270273080, 26141448123502020, -25695161791966204, 25276000933539180, -24882561584768964, 24513555320779600, -24167799573377616, 23844208974381464, -23541787608673492, 23259622076484228, -22996875277341812, 22752780839275696, -22526638126522228, 22317807767364312, -22125707651038640, 21949809349020304, -21789634921583052, 21644754075446884, -21514781642663440, 21399375354735604, -21298233889394196, 21211095170523708, -21137734904494360, 21077965338667048, -21031634230132556, 20998624014863468, -20978851169430032, 10486132879644716
-9.3130222668730125e+017, 1.9160211098135176e+018, -2.096302488896651e+018, 2.4857999421748429e+018, -3.3582760720440468e+018, 6.1116804915781222e+018, -4.6038999334113773e+017, -5.1843643313539041e+018, 2.4107910725656883e+018, -1.5027079664766789e+018, 1.0586867545547638e+018, -7.9887686058975462e+017, 6.3025661159564006e+017, -5.1312495805561638e+017, 4.2773990817707904e+017, -3.6320719364951642e+017, 3.1304137384024902e+017, -2.7315172135134966e+017, 2.4083747987844582e+017, -2.1424838785173872e+017, 1.9207745031015088e+017, -1.7337732386039418e+017, 1.5744606481827363e+017, -1.4375356392016706e+017, 1.3189276519262459e+017, -1.2154648184421258e+017, 1.1246431022914006e+017, -1.0444624700411662e+017, 97330855582020176, -90986581772343440, 85305288511598672, -80197379622426480, 75588078169657600, -71414555009143240, 67623691074584768, -64170317395346288, 61015818999193256, -58127018661344264, 55475277800559264, -53035767278573584, 50786872175030224, -48709702978980584, 46787691886132824, -45006257597191104, 43352525586936880, -41815093549667528, 40383833836346760, -39049726337032024, 37804716542616760, -36641594527044272, 35553891387976004, -34535790317898212, 33582049984809332, -32687938309399248, 31849175055088800, -31061881914725744, 30322538995778000, -29627946784405192, 28975192815581156, -28361622397603112, 27784812839709540, -27242550715003780, 26732811760535972, -26253743074715708, 25803647321217148, -25380968689818652, 24984280399512088, -24612273558796972, 24263747223225816, -23937599511712216, 23632819661450236, -23348480917017236, 23083734162751084, -22837802219149712, 22609974734119292, -22399603608637700, 22206098904000404, -22028925184448680, 21867598254784160, -21721682257674376, 21590787099850972, -21474566180386168, 21372714397778492, -21284966415751276, 21211095170523708, -21150910604903680, 21104258616917952, -21071020212876356, 21051110856798264, -10522240005020856
6.8514707432950899e+017, -1.3989876440010719e+018, 1.4927198455141233e+018, -1.6801846864700728e+018, 2.0380732256761244e+018, -2.8049798705512596e+018, 5.1843643313539041e+018, -3.3729097407177421e+017, -4.5062517124269455e+018, 2.1160545172452163e+018, -1.3303554982715891e+018, 9.4440326846124685e+017, -7.1747971234414464e+017, 5.6949056074440954e+017, -4.6620446050873882e+017, 3.9056980842244429e+017, -3.3315806546395686e+017, 2.8834386813913984e+017, -2.5257053877684931e+017, 2.234840620731985e+017, -1.994675999142808e+017, 1.7937608146723693e+017, -1.623773690512831e+017, 1.4785328280210534e+017, -1.3533577348715192e+017, 1.244645301895893e+017, -1.1495809382555083e+017, 1.0659372622171533e+017, -99193099165327952, 92611938945841008, -86732413043184960, 81457451982740224, -76706459026094800, 72412029830967136, -68517416966914000, 64974550520769584, -61742478557715304, 58786127885587632, -56075311533969256, 53583927969455776, -51289310563431488, 49171695721092088, -47213785405636704, 45400385267190960, -43718103715479152, 42155100415467424, -40700875091870320, 39346089386535408, -38082415957339264, 36902410137776240, -35799400366713308, 34767394303036308, -33800998101731572, 32895346777905104, -32046043947449004, 31249109526058628, -30500934206409348, 29798239727665540, -29138044110825600, 28517631164554880, -27934523674530548, 27386459779211992, -26871372109779496, 26387369334493732, -25932719800123656, 25505837007149472, -25105266692616428, 24729675325964816, -24377839849854680, 24048638520724276, -23741042723216820, 23454109649214628, -23186975746474816, 22938850854133360, -22709012952941536, 22496803467274328, -22301623063921448, 22122927899615556, -21960226275324440, 21813075660660728, -21681080056455648, 21563887667694796, -21461188862704760, 21372714397778488, -21298233889394196, 21237554518869908, -21190519956748868, 21157009496470496, -21136937388984228, 10565126185970676
-5.253843414047847e+017, 1.0675588381665992e+018, -1.1212874231946446e+018, 1.2238604961572372e+018, -1.4033641437609654e+018, 1.7288394166617124e+018, -2.4107910725656883e+018, 4.5062517124269455e+018, -2.5738472045922787e+017, -3.989409037525055e+018, 1.8876299280508206e+018, -1.1948062677778775e+018, 8.5334883764759027e+017, -6.5187287612525773e+017, 5.2000249440427021e+017, -4.276340856939024e+017, 3.5975567049600864e+017, -3.0805558052423597e+017, 2.6756740254115629e+017, -2.3514594291247581e+017, 2.0870589056831382e+017, -1.8681234295169389e+017, 1.6844716018606237e+017, -1.5286902277823254e+017, 1.3952614727636011e+017, -1.2799994134285427e+017, 1.179675403540235e+017, -1.0917625025095926e+017, 1.0142571547145434e+017, -94555226498858368, 88434523830062288, -82957028255209520, 78034785190457744, -73594639586755792, 69575307348638928, -65925108673633008, 62600196127385264, -59563156682346064, 56781899381363512, -54228763262728312, 51879796664273040, -49714170985396320, 47713700761552632, -45862448409681248, 44146396869114200, -42553177035551456, 41071839681365992, -39692663700088848, 38406994170231440, -37207105023288800, 36086082111009920, -35037723263315424, 34056452559622820, -33137246539781464, 32275570484397588, -31467323219507336, 30708789163836976, -29996596551048764, 29327680934347156, -28699253224391072, 28108771629740776, -27553916966899220, 27032570888227300, -26542796643686396, 26082822048945328, -25651024379859896, 25245916953289648, -24866137187953832, 24510435967603848, -24177668153064532, 23866784110380736, -23576822139980780, 23306901706916268, -23056217385257760, 22824033440949232, -22609678987127972, 22412543654332364, -22232073725342140, 22067768690788004, -21919178187268344, 21785899284638028, -21667574093487408, 21563887667694796, -21474566180386168, 21399375354735604, -21338119133843688, 21290638576488376, -21256810967895672, 21236549136864656, -10614900486318880
4.158530028253136e+017, -8.4219021788606323e+017, 8.7527682658068877e+017, -9.365485694715145e+017, 1.0381659695028196e+018, -1.2061468906986583e+018, 1.5027079664766789e+018, -2.1160545172452163e+018, 3.989409037525055e+018, -2.0259065625445206e+017, -3.5829302235059799e+018, 1.7056345089058468e+018, -1.0855523644622056e+018, 7.7919381770558579e+017, -5.9794164360049907e+017, 4.7897672067796941e+017, -3.9541310920067731e+017, 3.3383366507943027e+017, -2.8680312558473792e+017, 2.4987416335806595e+017, -2.2022706720260602e+017, 1.9598997978310042e+017, -1.7587315570384794e+017, 1.5896017210427802e+017, -1.4458280648620093e+017, 1.3224294812500872e+017, -1.2156215506984634e+017, 1.1224809007921699e+017, -1.0407160536006189e+017, 96850740346628368, -90439321599848832, 84718695497148048, -79591636390796416, 74977792725667616, -70810238145675488, 67032828249510736, -63598152664987496, 60465932450541048, -57601754400437904, 54976062893253184, -52563350521853520, 50341503527760448, -48291268799125088, 46395817073293888, -44640382830008632, 43011965737197736, -41499081816544584, 40091555013411832, -38780341788128312, 37557382840024176, -36415477239313104, 35348175154125236, -34349686079525560, 33414800046277232, -32538819742672508, 31717501848217808, -30947006172639136, 30223851432438440, -29544876691589720, 28907207651878404, -28308227108876072, 27745548997126464, -27216995537167144, 26720577070994328, -26254474234268968, 25817022165182332, -25406696493239672, 25022100887728044, -24661955976485292, 24325089471738376, -24010427362014488, 23716986048091632, -23443865317174832, 23190242063399608, -22955364674737792, 22738548016714936, -22539168952296068, 22356662345068256, -22190517499622696, 22040274998965152, -21905523903989072, 21785899284638028, -21681080056455648, 21590787099850972, -21514781642663440, 21452863889553524, -21404871884424640, 21370680594544772, -21350201207323328, 10671690316423606
-3.3750737660284742e+017, 6.8190432906179226e+017, -7.0343430905242189e+017, 7.4247237990247808e+017, -8.0493373731853747e+017, 9.0237430837229274e+017, -1.0586867545547638e+018, 1.3303554982715891e+018, -1.8876299280508206e+018, 3.5829302235059799e+018, -1.6338586723492442e+017, -3.255304630317781e+018, 1.5574168569426079e+018, -9.9574163735601472e+017, 7.1771905633786624e+017, -5.5288849118045862e+017, 4.4446430526361139e+017, -3.6813394330641382e+017, 3.1175848391938803e+017, -2.6860685083381232e+017, 2.3464997605727197e+017, -2.0733121092721946e+017, 1.8495177290387731e+017, -1.66340007773424e+017, 1.5066252601307328e+017, -1.3731098122483896e+017, 1.2583137962298722e+017, -1.1587839479801642e+017, 1.0718495379731253e+017, -99541460954406656, 92781280711890256, -86770388857961984, 81399862580141456, -76580342792392064, 72237891485295904, -68310851911176944, 64747440353953008, -61503878809968280, 58542932545704520, -55832754152166272, 53345962051331144, -51058900082616448, 48951038204745392, -47004484088658752, 45203582530694832, -43534584922688176, 41985374990889552, -40545240019643672, 39204679064878904, -37955241420541528, 36789389961363080, -35700385045171232, 34682185489167724, -33729363790599380, 32837033283051148, -32000785335392880, 31216635034165232, -30480974059456164, 29790529682618056, -29142328991976988, 28533667598148896, -27962082190091552, 27425326411615464, -26921349609734476, 26448278074121116, -26004398443571868, 25588143002812476, -25198076632816960, 24832885211398876, -24491365289234676, 24172414890570540, -23875025308365664, 23598273781122280, -23341316953633908, 23103385036747652, -22883776592318916, 22681853879113420, -22497038703715492, 22328808727726348, -22176694188845948, 22040274998965152, -21919178187268344, 21813075660660728, -21721682257674376, 21644754075446880, -21582087052469620, 21533515792625388, -21498912618626196, 21478186845365788, -10735642132978372
2.795419961104273e+017, -5.6380200866412467e+017, 5.7844000285278669e+017, -6.0457943752256333e+017, 6.453573127819712e+017, -7.0652479608000358e+017, 7.9887686058975462e+017, -9.4440326846124685e+017, 1.1948062677778775e+018, -1.7056345089058468e+018, 3.255304630317781e+018, -1.3436753692950198e+017, -2.9859843419815808e+018, 1.4345439241047488e+018, -9.2071541993344294e+017, 6.6600418763177818e+017, -5.1474525181636787e+017, 4.1507353050297638e+017, -3.4477762051917843e+017, 2.9276384482579366e+017, -2.5287801519640947e+017, 2.214344280849144e+017, -1.960928892148864e+017, 1.7529737749663955e+017, -1.5797389910601901e+017, 1.4335791642960214e+017, -1.3089086881795283e+017, 1.2015554653645882e+017, -1.1083431135071725e+017, 1.0268127275813482e+017, -95503273595076832, 89146598110822400, -83487492207664544, 78425280689401616, -73877289397560688, 69775044442849768, -66061389856433560, 62688275521906360, -59615040908814440, 56807070088317616, -54234727948088568, 51872511614668112, -49698368177090496, 47693142076920176, -45840124447348184, 44124683235332984, -42533957802947008, 41056605347080520, -39682589230569296, 38403001417097384, -37209912815118256, 36096246584441112, -35055670432190604, 34082504688327024, -33171643553709700, 32318487392453372, -31518884322733592, 30769079667280684, -30065672072662540, 29405575307491736, -28785984913510948, 28204349017596128, -27658342722935856, 27145845588616692, -26664921782225372, 26213802552777152, -25790870723621408, 25394646948823700, -25023777513384388, 24677023488742360, -24353251081318816, 24051423034186904, -23770590960968292, 23509888507301356, -23268525249144852, 23045781249145584, -22841002202618164, 22653595113614232, -22483024449313216, 22328808727726348, -22190517499622696, 22067768690788004, -21960226275324440, 21867598254784152, -21789634921583052, 21726127388431788, -21676906368510144, 21641841193850620, -21620839061935924, 10806922251447120
-2.3545611667308054e+017, 4.7425501242986374e+017, -4.845699120525063e+017, 5.0278029991594029e+017, -5.3066525107116371e+017, 5.713383229226377e+017, -6.3025661159564006e+017, 7.1747971234414464e+017, -8.5334883764759027e+017, 1.0855523644622056e+018, -1.5574168569426079e+018, 2.9859843419815808e+018, -1.12285199447056e+017, -2.7609991630382167e+018, 1.3311786169792448e+018, -8.5719615843869082e+017, 6.2196380275381747e+017, -4.8208714877202829e+017, 3.8978417250351117e+017, -3.2458844623800525e+017, 2.7627530857756154e+017, -2.3917084358416666e+017, 2.0987565526569776e+017, -1.8623035258261837e+017, 1.6679839014056534e+017, -1.5058767128528845e+017, 1.3689151983024166e+017, -1.2519330573073496e+017, 1.151068691100396e+017, -1.0633799684231864e+017, 98658760537071392, -91889974391232768, 85888928528144208, -80540637427323904, 75751483508621248, -71444525721546312, 67555986563715648, -64032586805665504, 60829499077596072, -57908759372535384, 55238021579142016, -52789571909836680, 50539542307097120, -48467277670166720, 46554823065469256, -44786505312681232, 43148589385020624, -41628994550950184, 40217058548442720, -38903340626586040, 37679456228820512, -36537937582658240, 35472115614786336, -34476019510247720, 33544290940602960, -32672110543736160, 31855134681110456, -31089440852350524, 30371480431459076, -29698037618630256, 29066193687961380, -28473295763263040, 27916929478543952, -27394894982025404, 26905185826991548, -26445970362788732, 26015575297542340, -25612471152811636, 25235259371182048, -24882660872090292, 24553505880119388, -24246724874505080, 23961340529408104, -23696460532244064, 23451271182525408, -23225031686674800, 23017069075461012, -22826773680371912, 22653595113614232, -22497038703715492, 22356662345068260, -22232073725342140, 22122927899615556, -22028925184448680, 21949809349020304, -21885366083959252, 21835421731681972, -21799842264960108, 21778532503135608, -10885717778961752
2.0114850357404013e+017, -4.0473410167103328e+017, 4.1222266131343219e+017, -4.2532775361100211e+017, 4.451141215309385e+017, -4.733808139322393e+017, 5.1312495805561638e+017, -5.6949056074440954e+017, 6.5187287612525773e+017, -7.7919381770558579e+017, 9.9574163735601472e+017, -1.4345439241047488e+018, 2.7609991630382167e+018, -95088132948615952, -2.5705205156441211e+018, 1.2431527160587976e+018, -8.0281119738714278e+017, 5.8406915490313357e+017, -4.5385752803673779e+017, 3.6783142604625805e+017, -3.0699423373803776e+017, 2.6185386763441037e+017, -2.2714169140193555e+017, 1.9970020047040195e+017, -1.7752296598841232e+017, 1.5927467209522534e+017, -1.4403272390772558e+017, 1.3113963283078926e+017, -1.2011447707152805e+017, 1.1059758737553946e+017, -1.0231477350279395e+017, 95053489555594288, -88646537522550240, 82960669005958864, -77888451095448160, 73342356754519552, -69250401861004600, 65552877123372256, -62199867764948776, 59149348443296248, -56365703908977064, 53818568672699000, -51481908434625664, 49333286662513864, -47353274342859936, 45524971445816208, -43833616289724416, 42266264609806160, -40811524307247816, 39459334981908680, -38200783716793968, 37027950386041416, -35933777144573120, 34911957831216096, -33956843854390472, 33063363786783452, -32226954414700168, 31443501400454608, -30709288045977192, 30020950910829804, -29375441251860068, 28769991425445656, -28202085534933428, 27669433721903020, -27169949595325260, 26701730371518068, -26263039363175432, 25852290510162336, -25468034690235440, 25108947585973008, -24773818916275628, 24461542867883544, -24171109585299328, 23901597597005712, -23652167072497780, 23422053818877052, -23210563937970424, 23017069075461008, -22841002202618164, 22681853879113420, -22539168952296068, 22412543654332364, -22301623063921440, 22206098904000404, -22125707651038636, 22060228935280540, -22009484214698412, 21973335708527040, -21951685579124768, 10972237676796028
-1.7392805012886992e+017, 3.496767320926007e+017, -3.5525244550234195e+017, 3.6494295380378074e+017, -3.7941432529439661e+017, 3.9976167496023539e+017, -4.2773990817707904e+017, 4.6620446050873882e+017, -5.2000249440427021e+017, 5.9794164360049907e+017, -7.1771905633786624e+017, 9.2071541993344294e+017, -1.3311786169792448e+018, 2.5705205156441211e+018, -81430668082966496, -2.4074333893787069e+018, 1.1674106323698596e+018, -7.5580090955430656e+017, 5.5117422746485978e+017, -4.2925632646737242e+017, 3.4863079890707226e+017, -2.9155388866352294e+017, 2.4915833994343488e+017, -2.1652145419961866e+017, 1.9069239169796109e+017, -1.69795549192396e+017, 1.5258229321812122e+017, -1.3818961974351784e+017, 1.2600227173700762e+017, -1.1557003028939101e+017, 1.0655603779377078e+017, -98703372903453664, 91812777502504608, -85727425597249584, 80322268304305440, -75496428651696128, 71167675062121360, -67268340282684584, 63742263691581288, -60542470044340208, 57629386066625048, -54969455188070272, 52534050664000704, -50298614879692256, 48241971910855368, -46345774092341432, 44594053175484080, -42972853800088464, 41469932259302760, -40074507435704168, 38777053710736096, -37569127861196736, 36443223643389832, -35392649062460364, 34411422328952428, -33494183288148040, 32636117722959968, -31832892417258764, 31080599252905996, -30375706922640048, 29715019089204868, -29095638021653064, 28514932902556664, -27970512132641904, 27460199068153276, -26982010715763128, 26534138983800280, -26114934149918812, 25722890256412184, -25356632187075104, 25014904215329644, -24696559843482052, 24400552778442580, -24125928910827604, 23871819182721340, -23637433245042324, 23422053818877052, -23225031686674800, 23045781249145584, -22883776592318916, 22738548016714936, -22609678987127972, 22496803467274328, -22399603608637692, 22317807767364312, -22251188827108196, 22199562809384876, -22162787756329360, 22140762873832348, -11066713962951790
1.5196958316166768e+017, -3.0532818902399456e+017, 3.0957070404554387e+017, -3.1690353092436614e+017, 3.2775910585751821e+017, -3.4283317761527232e+017, 3.6320719364951642e+017, -3.9056980842244429e+017, 4.276340856939024e+017, -4.7897672067796941e+017, 5.5288849118045862e+017, -6.6600418763177818e+017, 8.5719615843869082e+017, -1.2431527160587976e+018, 2.4074333893787069e+018, -70400090047339872, -2.2664610948449385e+018, 1.1016617604766922e+018, -7.1483296394660582e+017, 5.224031924719159e+017, -4.0766678152585261e+017, 3.3172804317756307e+017, -2.7792199468688931e+017, 2.3791963975694256e+017, -2.0709646790241344e+017, 1.8267990787089728e+017, -1.6290730148289872e+017, 1.4660492146666768e+017, -1.3296131264782778e+017, 1.2139779128924312e+017, -1.1149075940441478e+017, 1.02923162897518e+017, -95453091494136624, 88892852922750368, -83094661391649792, 77940624543416816, -73335595407273248, 69201977231127616, -65475886410033952, 62104277049886688, -59042757621756848, 56253913138628760, -53706001597866984, 51371930960803200, -49228448818416200, 47255495003294512, -45435680258692112, 43753863309841976, -42196805396931432, 40752886264729112, -39411869269178552, 38164706009350736, -37003372972018632, 35920734261996812, -34910425710776876, 33966756600582416, -33084625977849564, 32259451108816912, -31487106087216824, 30763868967616924, -30086376088631292, 29451582483874224, -28856727467319396, 28299304633018180, -27777035634183764, 27287847209123672, -26829851005841892, 26401325826830868, -26000701973406028, 25626547417106828, -25277555565963040, 24952534427222232, -24650396996595684, 24370152728134016, -24110899959244216, 23871819182721340, -23652167072497780, 23451271182525408, -23268525249144852, 23103385036747652, -22955364674737792, 22824033440949232, -22709012952941528, 22609974734119292, -22526638126522228, 22458768526514436, -22406175923553496, 22368713725818108, -22346277859787580, 11169403066978102
-1.339998104727759e+017, 2.6907898945021514e+017, -2.723685154527904e+017, 2.7802870585687334e+017, -2.8634934756351101e+017, 2.9778858877211149e+017, -3.1304137384024902e+017, 3.3315806546395686e+017, -3.5975567049600864e+017, 3.9541310920067731e+017, -4.4446430526361139e+017, 5.1474525181636787e+017, -6.2196380275381747e+017, 8.0281119738714278e+017, -1.1674106323698596e+018, 2.2664610948449385e+018, -61359611560935560, -2.1436082989805624e+018, 1.0441555356177242e+018, -6.7888027682417613e+017, 4.9707538557031642e+017, -3.8860591298785984e+017, 3.1676489957349696e+017, -2.6582429748039923e+017, 2.2792276862475376e+017, -1.9869500050554218e+017, 1.7552346987383104e+017, -1.5674381827870746e+017, 1.4124756175296133e+017, -1.2826818234272747e+017, 1.1725890814787864e+017, -1.0781939203425144e+017, 99649894390176352, -92521643584103184, 86257081884151456, -80716354099823920, 75787853408522272, -71381471499376776, 67423692185715736, -63853967116736704, 60621999385221936, -57685680608031944, 55009505368542984, -52563339114330488, 50321451024301296, -48261747784995200, 46365161311458312, -44615155578736144, 42997326447488944, -41499074706009736, 40109337210817448, -38818364468825824, 37617535599043480, -36499203574959072, 35456565146535484, -34483550992486908, 33574732545798424, -32725242631600816, 31930707603267896, -31187189094735348, 30491133850626548, -29839330370511036, 29228871324501380, -28657120875889760, 28121686191482468, -27620392538563764, 27151261464360840, -26712491633678968, 26302441966338212, -25919616770788052, 25562652615888680, -25230306720996424, 24921446676514232, -24635041334049284, 24370152728134016, -24125928910827604, 23901597597005712, -23696460532244064, 23509888507301352, -23341316953633908, 23190242063399608, -23056217385257760, 22938850854133360, -22837802219149712, 22752780839275696, -22683543821001360, 22629894476644228, -22591681085788416, 22568795945942240, -11280587350918598
1.191085430670112e+017, -2.3906950462773715e+017, 2.4166267102300579e+017, -2.4610816569084752e+017, 2.5260557060235098e+017, -2.6146592282306346e+017, 2.7315172135134966e+017, -2.8834386813913984e+017, 3.0805558052423597e+017, -3.3383366507943027e+017, 3.6813394330641382e+017, -4.1507353050297638e+017, 4.8208714877202829e+017, -5.8406915490313357e+017, 7.5580090955430656e+017, -1.1016617604766922e+018, 2.1436082989805624e+018, -53853983127355376, -2.0357950301844698e+018, 9.9353147710800794e+017, -6.4713854976672858e+017, 4.7465397583633754e+017, -3.7169024327530234e+017, 3.0345512034101331e+017, -2.5504036576394838e+017, 2.1899395329529008e+017, -1.9117751487276182e+017, 1.6910934436627917e+017, -1.5121123779306384e+017, 1.3643192922876429e+017, -1.2404433794702226e+017, 1.1352971949451509e+017, -1.0450816422075211e+017, 96695165219077296, -89873520396614032, 83874604746609392, -78565560117328256, 73840330928201824, -69613263504699776, 65814453052059304, -62386306145269184, 59280964017829840, -56458345466577576, 53884642420513272, -51531150705768016, 49373352115044320, -47390187043966736, 45563473163084616, -43877437094251192, 42318334324666944, -40874138601609464, 39534286469081944, -38289465889123752, 37131440351171112, -36052901734559032, 35047346609690560, -34108971755758760, 33232585519249684, -32413532297818160, 31647627952820488, -30931104363780588, 30260561664083292, -29632926957908356, 29045418528051792, -28495514713710544, 27980926774918232, -27499575172618872, 27049568785422996, -26629186659883892, 26236861953797424, -25871167784049556, 25530804733891928, -25214589810798056, 24921446676514232, -24650396996595684, 24400552778442580, -24171109585299332, 23961340529408104, -23770590960968292, 23598273781122280, -23443865317174832, 23306901706916268, -23186975746474816, 23083734162751084, -22996875277341812, 22926147034070356, -22871345366920420, 22832312889413112, -22808937890361868, 11400576812279556
-1.0663117328543429e+017, 2.1394527100049402e+017, -2.1601967157892826e+017, 2.1956487089674928e+017, -2.2472165277895952e+017, 2.3170681830852637e+017, -2.4083747987844582e+017, 2.5257053877684931e+017, -2.6756740254115629e+017, 2.8680312558473792e+017, -3.1175848391938803e+017, 3.4477762051917843e+017, -3.8978417250351117e+017, 4.5385752803673779e+017, -5.5117422746485978e+017, 7.1483296394660582e+017, -1.0441555356177242e+018, 2.0357950301844698e+018, -47550731149138416, -1.9406093952514294e+018, 9.4871659192457254e+017, -6.1896918434984154e+017, 4.5471003748108288e+017, -3.5661155317381702e+017, 2.9156734472888909e+017, -2.453910928555641e+017, 2.1099129300808928e+017, -1.8442952953149514e+017, 1.6334380442513514e+017, -1.4623188338377376e+017, 1.3209298039773149e+017, -1.2023482785641808e+017, 1.1016343821514218e+017, -1.0151696689400624e+017, 94024381378340448, -87478721610042448, 81719276802545440, -76619393295774960, 72077942273417104, -68013227131774800, 64358554036463744, -61058959305107968, 58068756063942784, -55349670661301928, 52869409956729232, -50600547692896320, 48519650108699104, -46606582985838176, 44843957743819440, -43216685142478672, 41711613016496136, -40317230185998656, 39023422892438312, -37821273232285224, 36702891403221608, -35661275349662976, 34690192746601060, -33784081300685284, 32937964153223648, -32147377798527884, 31408310424920840, -30717148976143476, 30070633541379576, -29465817930433300, 28900035490276796, -28370869380587656, 27876126657006940, -27413815617855280, 26982125957778268, -26579411344039108, 26204174090920844, -25855051657310168, 25530804733891928, -25230306720996424, 24952534427222232, -24696559843482052, 24461542867883544, -24246724874505080, 24051423034186904, -23875025308365660, 23716986048091632, -23576822139980784, 23454109649214628, -23348480917017232, 23259622076484228, -23187270956362388, 23131215347505580, -23091291611374032, 23067383614193708, -11529710987168156
96073249249894000, -1.927007049189561e+017, 1.9438196891286352e+017, -1.9724781375586058e+017, 2.0139966639094627e+017, -2.0699216152166877e+017, 2.1424838785173872e+017, -2.234840620731985e+017, 2.3514594291247581e+017, -2.4987416335806595e+017, 2.6860685083381232e+017, -2.9276384482579366e+017, 3.2458844623800525e+017, -3.6783142604625805e+017, 4.2925632646737242e+017, -5.224031924719159e+017, 6.7888027682417613e+017, -9.9353147710800794e+017, 1.9406093952514294e+018, -42202444087794696, -1.856136394522313e+018, 9.088535628777559e+017, -5.9385890857037491e+017, 4.3689688973099334e+017, -3.4311940580902765e+017, 2.8091264684524384e+017, -2.3672953295104877e+017, 2.0379784824824838e+017, -1.7835630372844531e+017, 1.5814897640156829e+017, -1.417409743706073e+017, 1.2817627797805426e+017, -1.1679350728259013e+017, 1.0712065184667786e+017, -98811913079920240, 91608234354812976, -85311764671975520, 79768836920930368, -74858323494236288, 70483486947335224, -66566160496473232, 63042516883623160, -59859942060474080, 56974691342725880, -54350108851146280, 51955258508207344, -49763859825872440, 47753452232044568, -45904732724912736, 44201026372817280, -42627859628986352, 41172613942114296, -39824242606286408, 38573037809937328, -37410437826658848, 36328866527752416, -35321599089123220, 34382649056725060, -33506672928159000, 32688889177780048, -31925009253340912, 31211178544074712, -30543925693154920, 29920118924148544, -29336928288376408, 28791792930929684, -28282392627362824, 27806622968410472, -27362573672379520, 26948509588755956, -26562854025658504, 26204174090920844, -25871167784049556, 25562652615888680, -25277555565963040, 25014904215329644, -24773818916275628, 24553505880119388, -24353251081318812, 24172414890570540, -24010427362014488, 23866784110380736, -23741042723216820, 23632819661450236, -23541787608673492, 23467673235855976, -23410255353832796, 23369363431019076, -23344876458457420, 11668361074310804
