1056200.0000000012, -1284237.4946499756, 321159.40481908491, -142811.64735018706, 80389.975908831053, -51497.707378170511, 35803.192713449433, -26339.948554114158, 20197.994039866186, -15987.146571722409, 12975.209658528856, -10746.775505782683, 9051.9280199651712, -7732.9984092279319, 6686.5291616330396, -5842.3529082215591, 5151.5189166764112, -4579.0356761148951, 4099.3528598976363, -3693.4616485741067, 3346.9832761117582, -3048.8788297240994, 2790.5598151603599, -2565.2632819832133, 2367.6052519609498, -2193.2565894389527, 2038.7043968900098, -1901.0740846511762, 1777.995101901146, -1667.4985004157768, 1567.9379893134703, -1477.928520021007, 1396.2980898452247, -1322.0496098817355, 1254.3305051792365, -1192.4083058606311, 1135.6509169563192, -1083.5105694313479, 1035.5106879257175, -991.23508480782209, 950.31902126639147, -912.44177571439525, 877.32043591703359, -844.70468990106599, 814.37243617615241, -786.12606928319678, 759.78932454163134, -735.20458786267181, 712.23059395761425, -690.74045020615279, 670.61993462720034, -651.7660254027104, 634.0856266979356, -617.49446145188494, 601.91610665441567, -587.28115059690208, 573.52645485151515, -560.59450643416994, 548.43284784494062, -536.99357454247217, 526.23289096398571, -516.11071750491476, 506.59034196648679, -497.638109901733, 489.2231490698486, -481.31712386950642, 473.8940161833126, -466.92992954425091, 460.40291394403459, -454.29280895380708, 448.5811031287617, -443.25080792764055, 438.28634460205109, -433.67344270448928, 429.39904903232093, -425.45124597154296, 421.81917833210696, -418.49298787863052, 415.46375485875552, -412.72344591817466, 410.26486786813604, -408.08162683945744, 406.16809241800229, -404.51936641124507, 403.13125594492635, -402.000250633684, 401.12350361067428, -400.49881623920038, 400.12462636483735, -200
321059.37366249389, -160479.67125295135, -214128.50826071718, 80339.897959078764, -42879.110372751486, 26824.512109698451, -18414.986851718331, 13445.749077630748, -10260.368149172949, 8094.3376404277215, -6553.8209310360298, 5418.7328747817082, -4558.0916481173108, 3889.9222574011778, -3360.7627759716065, 2934.5264295564398, -2586.1333298575378, 2297.7104802332146, -2056.2400551238525, 1852.0573334104899, -1677.8644930934875, 1528.0671641268948, -1398.3183572694725, 1285.1988245291898, -1185.9891016421138, 1098.5043510692924, -1020.9729750552675, 951.94622115626476, -890.23005247732613, 834.83322662135356, -784.92732002025787, 739.81565600394038, -698.90893958491881, 661.70599370422121, -627.77841146036315, 596.75824007153074, -568.32803082324767, 542.21274935695419, -518.17315908402043, 496.00037889613935, -475.51138286387476, 456.54526007770551, -438.96009135444353, 422.63032921954346, -407.4445905816541, 393.30378945784446, -380.11955118602327, 367.81286067134073, -356.31290602990055, 345.5560860263306, -335.48515534064359, 326.04848624254379, -317.19942892787583, 308.89575576055859, -301.09917710310896, 293.77491841864816, -286.89134997284327, 280.41966182341304, -274.33357791152628, 268.60910400666558, -263.22430503880344, 258.15910800679609, -253.39512720214904, 248.91550895093707, -244.70479346845636, 240.74879175322872, -237.03447572918063, 233.54988008530353, -230.28401446760304, 227.22678485420209, -224.3689230956976, 221.70192373311775, -219.21798731828909, 216.90996955878541, -214.77133569414789, 212.79611958362966, -210.97888704993517, 209.31470307965236, -207.79910253046171, 206.42806403873902, -205.19798685968848, 204.10567040636366, -203.14829628449229, 202.32341264743937, -201.62892072040384, 201.06306336545273, -200.62441557961753, 200.31187683733052, -200.12466520626595, 100.03115659120934
-80289.851204771228, 214128.50826071718, -40094.863250355775, -128583.90908620645, 53615.604217602595, -30666.151715418335, 20147.681344707853, -14346.614548060481, 10776.756607413467, -8412.3349009791873, 6760.7467819123767, -5559.4194617608964, 4657.2287296217228, -3961.8952260948818, 3414.3512717368376, -2975.3014804887607, 2617.7491496288058, -2322.6335485796994, 2076.1772359729621, -1868.216056392976, 1691.1157085629175, -1539.0501576053603, 1407.5097852899348, -1292.9591625118428, 1192.594499919398, -1104.1688668049724, 1025.8643357215899, -956.19716506540567, 893.9465969598316, -838.10077084721786, 787.81520113201907, -742.38058668600979, 701.19762731794845, -663.7571549033122, 629.62433364608069, -598.4260032826636, 569.84046984756264, -543.58921719100408, 519.43013676100111, -497.15196569491064, 476.56969273332345, -457.52074404655366, 439.86180116408383, -423.46613400369398, 408.22135582670478, -394.02752549929141, 380.79553697504463, -368.44574736841122, 356.9068040660452, -346.11463855530997, 336.01160044076488, -326.54570978007087, 317.67000963879298, -309.34200382362945, 301.52316724937089, -294.17851843882693, 287.27624533548726, -280.78737699567552, 274.68549487588467, -268.9464783860596, 263.5482801762434, -258.47072729067952, 253.6953448831548, -249.20519965868129, 244.98476060470381, -241.01977491222084, 237.29715727365718, -233.80489098832257, 230.53193951469586, -227.46816728725224, 224.60426876879674, -221.93170484120239, 219.44264575132141, -217.12991992739492, 214.98696806679919, -213.00780197038196, 211.18696766357706, -209.5195124013251, 208.00095520373668, -206.62726061341522, 205.39481540426067, -204.30040800613068, 203.34121044057997, -202.51476259057227, 201.8189586520387, -201.25203563786317, 200.81256382566755, -200.49943905998441, 200.31187683733052, -100.1247040598001
35702.911837546766, -80339.897959078764, 128583.90908620645, -17801.315480822039, -91960.248939888173, 40270.261187329197, -23891.163315840087, 16148.349697888383, -11762.592191516364, 9001.2210744860331, -7135.9438805968484, 5810.6470412953076, -4832.2497935088877, 4087.8490066217537, -3507.4872930695205, 3045.7776928163908, -2672.1495585468238, 2365.3594483301763, -2110.2503463839162, 1895.759852665655, -1713.6534135312131, 1557.6945593355895, -1423.0872336732577, 1306.0924088025295, -1203.7591671956325, 1113.7326522686319, -1034.1146788290284, 963.36107174927736, -900.20504126224398, 843.59929100500415, -792.67178768538315, 746.69161880489082, -705.04238558861107, 667.20128433900845, -632.72252455298087, 601.22408375850034, -572.37705168255786, 545.89699990623478, -521.53694787044276, 499.08159591235597, -478.34257064263932, 459.15448424590988, -441.37165205628276, 424.86534551168552, -409.52148285004125, 395.238679523001, -381.92659562850258, 369.50452971196614, -357.90021781292791, 347.04880420856574, -336.89195635960778, 327.37710142705811, -318.45676565308338, 310.08800108174654, -302.2318866868589, 294.85309309361708, -287.91950182091983, 281.40187140570873, -275.27354395749649, 269.51018667670797, -264.0895636915605, 258.99133425466528, -254.19687391625621, 249.68911577533689, -245.45240931879371, 241.47239470448559, -237.73589063797331, 234.23079424249457, -230.94599153512431, 227.87127730462723, -224.99728334316612, 222.31541411881338, -219.81778909207355, 217.49719098018505, -215.34701936018018, 213.36124907752492, -211.53439299331149, 209.86146866084562, -208.33796857326644, 206.95983366856535, -205.72342981793085, 204.6255270584569, -203.66328136258628, 202.83421876475688, -202.13622169107262, 201.56751736085349, -201.12666815001066, 200.81256382566755, -200.62441557961753, 100.28087590266857
-20097.493977207763, 42879.110372751486, -53615.604217602595, 91960.248939888173, -9998.496957274685, -71643.724533050903, 32276.580562909574, -19588.036614752029, 13487.81186343316, -9977.8716321953962, 7736.263506338948, -6202.5654981937769, 5100.253630342515, -4278.0169036363923, 3646.5724599088148, -3150.1112351964616, 2752.1197148466699, -2427.8063730549625, 2159.8124676317993, -1935.6635422929664, 1746.1932340593962, -1584.5346454018486, 1445.4556980306379, -1324.9098292673775, 1219.7253657147328, -1127.3864550936321, 1045.8757987497252, -973.55993213125839, 909.10432443430227, -851.40971606482049, 799.56380546867206, -752.80417915193243, 710.48957906113583, -672.07742294162369, 637.10606376388705, -605.18067589004386, 575.96194191496841, -549.15692056620162, 524.51162656033682, -501.80496416373262, 480.84373862186214, -461.45853144509744, 443.50027230395261, -426.83737594110579, 411.35333989338801, -396.94472000011001, 383.51941716873608, -370.9952217939761, 359.29857241515731, -348.36349327437961, 338.13068187672906, -328.54672281279534, 319.56340825777414, -311.13714892207679, 303.22846195945363, -295.80152456771634, 288.8237838440445, -282.26561496011311, 276.10002096396011, -270.30236854491187, 264.85015495432719, -259.72280198990046, 254.90147355012022, -250.36891376867851, 246.10930316274744, -242.10813058759123, 238.35207909398611, -234.82892404340183, 231.52744205629722, -228.43732955731642, 225.54912984271397, -222.85416773419689, 220.3444910030544, -218.01281785187231, 215.85248983076264, -213.85742964292285, 212.02210336222544, -210.34148664488197, 208.81103456927389, -207.42665478385564, 206.18468368351168, -205.08186537066652, 204.11533318946812, -203.2825936500667, 202.58151258589544, -202.01030341036011, 201.56751736085349, -201.25203563786317, 201.06306336545273, -100.500062658421
12874.426844542628, -26824.512109698451, 30666.151715418335, -40270.261187329197, 71643.724533050903, -6386.8220152781878, -58739.705589813922, 26958.819592840176, -16615.973051391073, 11592.345731315303, -8672.7703253861928, 6790.4496268793937, -5491.1648157817954, 4549.6896770966923, -3842.1319840939132, 3294.9889882645984, -2862.0629066889114, 2512.9637175175681, -2226.94728714147, 1989.4133281241761, -1789.8169608778967, 1620.3721999968295, -1475.2191410562712, 1349.8730779097762, -1240.850692100031, 1145.4106499649463, -1061.3699845644678, 986.9718004466049, -920.78842862921647, 861.64950701506143, -808.58787001329779, 760.79835004602558, -717.6060660264053, 678.44176815298795, -642.82249055951434, 610.3362383577537, -580.62977084948807, 553.39878226581186, -528.3799546133863, 505.34448381101367, -484.09277377039359, 464.4500627379993, -446.26279859619228, 429.39561953715577, -413.72882687223091, 399.15626010268596, -385.58350248965615, 372.92635949452477, -361.10956355943415, 350.06566746462778, -339.73409546395834, 330.06032696250742, -320.99519196594349, 312.49426113389183, -304.51731618960463, 297.02788881557512, -289.99285810857452, 283.38209826352011, -277.16816947103825, 271.32604610198047, -265.83287715596589, 260.66777470420163, -255.81162668661145, 251.24693095162178, -246.957647871576, 242.92906924206397, -239.14770149123723, 235.60116149501181, -232.27808352384409, 229.16803604298218, -226.26144725611175, 223.54953842657955, -221.02426413458093, 218.67825873592301, -216.5047883808013, 214.49770803161513, -212.65142298901708, 210.96085449667802, -209.42140904895768, 208.02895107289547, -206.77977869763606, 205.6706023613672, -204.69852603878073, 203.86103090156288, -203.15596125099913, 202.58151258589544, -202.13622169107262, 201.8189586520387, -201.62892072040378, 100.78281398623157
-8950.7981783623582, 18414.986851718331, -20147.681344707853, 23891.163315840087, -32276.580562909574, 58739.705589813922, -4424.8341683797498, -49827.217720837922, 23170.248843374138, -14442.610941449246, 10175.098053649213, -7678.0505228014799, 6057.4318081870533, -4931.6728857973631, 4111.0323600780957, -3490.8048044190559, 3008.6582834534065, -2625.2765856524938, 2314.7025899908845, -2059.1533282614064, 1846.0671982456752, -1666.3392292092296, 1513.223000849657, -1381.6236031633157, 1267.628798252304, -1168.1900859910893, 1080.9008228300547, -1003.8387653669073, 935.4523374660746, -874.47716438968348, 819.87393472717031, -770.78153456930579, 726.4812785785947, -686.36931231028245, 649.93510542498268, -616.74453640070078, 586.42647456338705, -558.66205173617391, 533.17602090101639, -509.72974781096309, 488.11549024849012, -468.15170005947107, 449.67914314328289, -432.55767781075588, 416.66356627455201, -401.88722033205806, 388.13130257770655, -375.30912022656804, 363.34326093775826, -352.16442970567647, 341.71045354543236, -331.92542679224192, 322.75897470889583, -314.16561701449808, 306.10421611410055, -298.53749737912545, 291.4316309241056, -284.75586604123271, 278.48221086502667, -272.58515100394368, 267.04140184055927, -261.82969000424589, 256.93056018972783, -252.32620405541115, 248.00030840622546, -243.93792026246271, 240.12532675145644, -236.54994804324124, 233.20024179306057, -230.06561775970349, 227.13636144488697, -224.40356575002252, 221.85906977663484, -219.49540400873647, 217.3057412123263, -215.28385247118305, 213.42406785117527, -211.72124124905469, 210.17071903748607, -208.76831216708703, 207.51027142947422, -206.39326562360014, 205.41436240174212, -204.57101160199375, 203.86103090156288, -203.2825936500667, 202.83421876475694, -202.51476259057227, 202.32341264743937, -101.12984160281127
6584.9871385285396, -13445.749077630748, 14346.614548060481, -16148.349697888383, 19588.036614752029, -26958.819592840176, 49827.217720837922, -3241.722557712068, -43309.83912956572, 20337.519202167052, -12786.121657692431, 9076.7130290784353, -6895.7379443893542, 5473.4058693678462, -4480.7173399652356, 3753.7884368494642, -3202.0009401983039, 2771.2891644876822, -2427.469680206068, 2147.9179136221014, -1917.0943425162982, 1723.9936265907943, -1560.6180437056987, 1421.026232351458, -1300.719744980051, 1196.2356130667388, -1104.8687174966249, 1024.4783091349127, -953.35046548025252, 890.09856377093399, -833.59010901685963, 782.89216102772184, -737.23010000912109, 695.95609902924241, -658.52475533645202, 624.474066286636, -593.41044052666462, 564.99678763032557, -538.94297892394127, 514.99815109917472, -492.94445391116517, 472.5919383365956, -453.77435196905094, 436.34566105570673, -420.17715826782444, 405.15504547820609, -391.1784039494064, 378.15748219501791, -366.01224566065758, 354.67114323704226, -344.07005417418861, 334.15138574398787, -324.86329739807746, 316.15903149250562, -307.99633413188081, 300.33695250167847, -293.14619734582186, 286.39256111469405, -280.04738384007999, 274.08456005400848, -268.48028111003504, 263.21280812943985, -258.26227151400303, 253.6104935678039, -249.24083127406243, 245.13803669649667, -241.28813283190271, 237.67830304292846, -234.29679245656189, 231.13281993222233, -228.17649938975455, 225.41876944721349, -222.85133045533274, 220.46658813352366, -218.25760311410184, 216.21804578962545, -214.34215593483873, 212.62470664145442, -211.06097216236734, 209.64669931308842, -208.37808212329256, 207.25173947127314, -206.26469546956963, 205.41436240174207, -204.69852603878073, 204.11533318946812, -203.6632813625863, 203.34121044057997, -203.14829628449229, 101.54202310450057
-5049.4985099665464, 10260.368149172949, -10776.756607413467, 11762.592191516364, -13487.81186343316, 16615.973051391073, -23170.248843374138, 43309.83912956572, -2473.7390516282926, -38342.4350576703, 18142.117603990839, -11483.350365394308, 8201.5837637294862, -6265.1869446296341, 4997.7732751845142, -4110.0152942293253, 3457.6320209018468, -2960.7395429502285, 2571.6053828986146, -2260.0009075002322, 2005.8840745578873, -1795.4639547415848, 1618.9551483269081, -1469.2327918924486, 1340.9936635902507, -1230.2146488765943, 1133.7926776601782, -1049.2990931018505, 974.80826660346179, -908.77560994471321, 849.94919170126946, -797.30467308159916, 749.99671762426715, -707.32222803065076, 668.69219940595906, -633.6099342565235, 601.6540124200335, -572.46485518053419, 545.73403454055483, -521.19569943844817, 498.61964909947807, -477.80569866960008, 458.57906662433987, -440.78657595483872, 424.29350790117371, -408.98098230493412, 394.743765522422, -381.48842745159237, 369.13178515432497, -357.59958295086449, 346.82536857276727, -336.74953261391619, 327.31848458739711, -318.48394373463668, 310.20232661201584, -302.43421660547216, 295.14390305401565, -288.29897972137957, 281.86999403673434, -275.83013990526126, 270.15498802620647, -264.82224859629679, 259.81156205700665, -255.10431419458155, 250.68347244555426, -246.53344071673641, 242.63993041269251, -238.98984568795356, 235.57118121586817, -232.3729309992967, 229.38500694715077, -226.59816611065642, 224.00394561880762, -221.59460447761182, 219.3630715055989, -217.30289877132773, 215.40821997950923, -213.67371332273814, 212.09456837726307, -210.66645667505375, 209.38550563178077, -208.24827555216135, 207.25173947127314, -206.39326562360014, 205.6706023613672, -205.08186537066652, 204.6255270584569, -204.30040800613062, 204.10567040636366, -102.02040670986435
3996.7866429306023, -8094.3376404277215, 8412.3349009791873, -9001.2210744860331, 9977.8716321953962, -11592.345731315303, 14442.610941449246, -20337.519202167052, 38342.4350576703, -1947.1102129818523, -34435.744271579817, 16392.949375383039, -10433.304944311856, 7488.8756885278353, -5746.8508298792831, 4603.4722521519807, -3800.3376735427692, 3208.4941661717794, -2756.4810009784837, 2401.5546641188889, -2116.6147523934069, 1883.6707394761468, -1690.3268096935462, 1527.7751712934239, -1389.5935001922087, 1270.9944261478013, -1168.3407222458213, 1078.8227187854195, -1000.2380634153271, 930.83792288485404, -869.21741603443797, 814.23615621153101, -764.95970223726488, 720.61579078761486, -680.56118888302365, 644.25628951884346, -611.24542893648311, 581.14148395889799, -553.61370732664409, 528.37803829678614, -505.18932374205593, 483.83502708363551, -464.13010557865738, 445.91281223545121, -429.04123480679726, 413.39042636860393, -398.85001375816279, 385.32219434094691, -372.72005014758508, 360.96612278520814, -349.99120371187672, 339.73330323005007, -330.13676847051028, 321.15152612534706, -312.73243006704985, 304.83869750324925, -297.43342014883223, 290.48313919193311, -283.95747469829138, 277.82880162580386, -272.07196587523293, 266.6640348370268, -261.58407775005691, 256.81297189913425, -252.33323127107741, 248.12885478522992, -244.18519163087043, 240.4888215948354, -237.02744855918337, 233.78980560007082, -230.76557033271339, 227.94528932956396, -225.32031059472422, 222.88272321134963, -220.62530339388516, 218.54146627629046, -216.62522285340947, 214.8711415673327, -213.27431409570923, 211.83032495591982, -210.53522458905553, 209.38550563178077, -208.37808212329256, 207.51027142947422, -206.77977869763606, 206.18468368351168, -205.72342981793082, 205.39481540426067, -205.19798685968848, 102.56621696703401
-3243.8024146322141, 6553.8209310360298, -6760.7467819123767, 7135.9438805968484, -7736.263506338948, 8672.7703253861928, -10175.098053649213, 12786.121657692431, -18142.117603990839, 34435.744271579817, -1570.3107765762379, -31286.916234171451, 14968.421170492198, -9570.1289853764483, 6898.0382929997349, -5313.84244328366, 4271.7714828748085, -3538.15607298744, 2996.3283561348308, -2581.5955790108928, 2255.2341421077799, -1992.6719510659173, 1777.5819111713145, -1598.7031877537395, 1448.0260271492766, -1319.7035778473514, 1209.3724799913161, -1113.7137820007558, 1030.1606306788833, -956.6985902648222, 891.72611702662186, -833.95509671256957, 782.33866603425702, -736.01798978051818, 694.2824455765267, -656.53944694609061, 622.29129767599898, -591.11724490628217, 562.65942351496744, -536.6117462596394, 512.71104725100849, -490.72996579672053, 470.47118651322313, -451.76274521771853, 434.45417886566389, -418.41334880926479, 403.52380485878098, -389.6825865004019, 376.79837962528933, -364.7899640213746, 353.58489995299522, -343.11841233946296, 333.33243903249092, -324.17481599728558, 315.59857720757458, -307.56135106114539, 300.02483833019562, -292.95435924872646, 286.31845943729166, -280.08856607427344, 274.2386871209128, -268.74514755597841, 263.58635752355383, -258.74260808223755, 254.19589089649105, -249.92973875524163, 245.92908425864977, -242.1801343968896, 238.67025906757817, -235.38789185145407, 232.32244159745244, -229.4642135653647, 226.80433904243949, -224.33471249426532, 222.04793543391705, -219.9372662998619, 217.99657572516128, -216.22030666031677, 214.60343888154449, -213.1414574769083, 211.83032495591982, -210.66645667505375, 209.64669931308842, -208.76831216708703, 208.02895107289544, -207.42665478385564, 206.95983366856535, -206.62726061341522, 206.42806403873902, -103.18086147954367
2686.6938764456709, -5418.7328747817082, 5559.4194617608964, -5810.6470412953076, 6202.5654981937769, -6790.4496268793937, 7678.0505228014799, -9076.7130290784353, 11483.350365394308, -16392.949375383039, 31286.916234171451, -1291.4139688656053, -28698.463767123831, 13787.482489257383, -8849.0477820982178, 6401.0037757998489, -4947.2456204333939, 3989.2950905183666, -3313.677138580872, 2813.7698094830566, -2430.4248534003577, 2128.2187658664902, -1884.6598078238544, 1684.7929728997124, -1518.2960459319543, 1377.8210128372741, -1257.9995157397746, 1154.8217283708702, -1065.2348117612137, 986.87549843476995, -917.88734400769113, 856.79297773811561, -802.40299201959908, 753.74979186853079, -710.03879128924621, 670.61188387334528, -634.91974038368721, 602.50054844393526, -572.96351740473051, 545.97595162342736, -521.25302636554784, 498.54963207722199, -477.65381698850501, 458.38147594788217, -440.57201909492943, 424.0848169433674, -408.79626517739405, 394.59734747716936, -381.39160115735672, 369.09341057896705, -357.62656879635279, 346.92305989966934, -336.92202386527521, 327.56887306437682, -318.81453537372801, 310.61480343365201, -302.92977327398091, 295.72335847990468, -288.96286845192549, 282.61864124627363, -276.66372305661042, 271.07358768654592, -265.82589042182059, 260.90025158533132, -256.27806578267257, 251.94233344846316, -247.87751180678811, 244.06938278051234, -240.5049357384942, 237.17226326852079, -234.06046841661853, 231.15958204801535, -228.46048916778875, 225.95486319535124, -223.63510732070301, 221.49430218537498, -219.52615923016668, 217.72497913760387, -216.08561487157144, 214.60343888154449, -213.27431409570923, 212.09456837726307, -211.06097216236734, 210.17071903748601, -209.42140904895768, 208.81103456927389, -208.33796857326644, 208.00095520373668, -207.79910253046171, 103.86593871468888
-2262.9820049912928, 4558.0916481173108, -4657.2287296217228, 4832.2497935088877, -5100.253630342515, 5491.1648157817954, -6057.4318081870533, 6895.7379443893542, -8201.5837637294862, 10433.304944311856, -14968.421170492198, 28698.463767123831, -1079.1793790107849, -26536.118534676581, 12794.032697973378, -8238.5605806442818, 5977.7291551192902, -4633.3667518325628, 3746.2376457630344, -3119.6378469307715, 2655.2975584936989, -2298.6844546537773, 2017.1267489791655, -1789.8704125099989, 1603.1087265135857, -1447.30659414257, 1315.6721107477722, -1203.2399158582448, 1106.2986051391404, -1022.0204796595128, 948.21490681479099, -883.15972175482943, 825.48333181354622, -774.0806046743063, 728.05177649905283, -686.65736251599913, 649.28439355595833, -615.42079994233893, 584.635743298031, -556.5643494128044, 530.89573798789536, -507.36355024924347, 485.73838895106826, -465.82173675610977, 447.44102778602974, -430.44562622157576, 414.70352394639474, -400.09861236894881, 386.52841588808997, -373.90219891482707, 362.13937700360657, -351.16817697224815, 340.92450198134787, -331.35096619190568, 322.3960704073553, -314.0134954668361, 306.16149441561186, -298.80236788154753, 291.90200982022276, -285.42951299849727, 279.35682537725398, -273.65845001395036, 268.31118230099776, -263.29387933899227, 258.5872570554871, -254.17371135283898, 250.03716012855307, -246.16290347915134, 242.53749979051545, -239.14865574727719, 235.98512857198864, -233.03663904031836, 230.29379401855419, -227.74801744016685, 225.39148878391947, -223.21708824099758, 221.21834786619888, -219.38940810109921, 217.72497913760387, -216.22030666031677, 214.87114156733273, -213.67371332273814, 212.62470664145442, -211.72124124905469, 210.96085449667802, -210.34148664488197, 209.86146866084567, -209.5195124013251, 209.31470307965242, -104.62324696965763
1933.249602306983, -3889.9222574011778, 3961.8952260948818, -4087.8490066217537, 4278.0169036363923, -4549.6896770966923, 4931.6728857973631, -5473.4058693678462, 6265.1869446296341, -7488.8756885278353, 9570.1289853764483, -13787.482489257383, 26536.118534676581, -913.89740386191943, -24705.417521347583, 11948.01080408179, -7715.8636554559453, 5613.5215593121857, -4362.0502762432279, 3535.2485625536283, -2950.5388791825644, 2516.6922769596094, -2183.0715952032547, 1919.3298795679177, -1706.1832293031609, 1530.7978484280845, -1384.3066255340434, 1260.3904006846744, -1154.4270074292097, 1062.9596442966913, -983.35305343993195, 913.56444425947814, -851.98686724646734, 797.33966454220274, -748.59029239139386, 704.89752351421839, -665.56951445630341, 630.03239585220308, -597.8064339706732, 568.48772087746966, -541.73395640337446, 517.25329611974416, -494.7955229038522, 474.14499798003993, -455.1149880047239, 437.5430658387433, -421.28735612787915, 406.2234508139536, -392.24185979333907, 379.2458919933926, -367.14988486664623, 355.87771763714875, -345.36155695815614, 335.54079395929085, -326.36113970858787, 317.77385243237563, -309.73507482670158, 302.20526376022787, -295.14869783837662, 288.53305084557167, -282.32902113958278, 276.51000874160263, -271.05183322713037, 265.93248663785738, -261.13191655203684, 256.63183520848088, -252.41555120763132, 248.46782083615818, -244.77471649852447, 241.32351010536635, -238.10256957683964, 235.10126687939365, -232.30989623493855, 229.71960132879815, -227.3223105026664, 225.11067905553466, -223.07803789296096, 221.21834786619883, -219.52615923016668, 217.99657572516128, -216.62522285340947, 215.40821997950923, -214.34215593483867, 213.42406785117527, -212.65142298901702, 212.02210336222538, -211.53439299331149, 211.18696766357706, -210.97888704993517, 105.45479458302671
-1671.6322904082599, 3360.7627759716065, -3414.3512717368376, 3507.4872930695205, -3646.5724599088148, 3842.1319840939132, -4111.0323600780957, 4480.7173399652356, -4997.7732751845142, 5746.8508298792831, -6898.0382929997349, 8849.0477820982178, -12794.032697973378, 24705.417521347583, -782.63473945775854, -23137.977961062974, 11220.049369779381, -7264.0451301259036, 5297.366558116506, -4125.6067417143058, 3350.7102531885162, -2802.1408526280152, 2394.6748449451502, -2080.9998970152164, 1832.7553218776654, -1631.9145910467494, 1466.4770179333805, -1328.1482221605133, 1211.0149337287148, -1110.7500733324175, 1024.1160835302437, -948.64367878194003, 882.41777810731867, -823.93111804423768, 771.98184672815944, -725.60042989713565, 683.99653522809092, -646.51980894047449, 612.63048813354521, -581.87709108569572, 553.87927682737723, -528.31453126993756, 504.90772115722359, -483.42282187033254, 463.65631040768147, -445.43184632566016, 428.59595788654599, -413.01451933713986, 398.56985572097193, -385.15834911098972, 372.68844825048961, -361.07900484551425, 350.257875964932, -340.16074446910596, 330.73011904250939, -321.91448293610995, 313.66756643820742, -305.94772276441057, 298.71739077107355, -291.94263086512035, 285.59272286907367, -279.63981652751471, 274.0586269059001, -268.82616820884613, 263.92152059056764, -259.32562539045347, 255.02110493756823, -250.99210365748559, 247.22414770582927, -243.70402076326414, 240.41965397089123, -237.36002827477219, 234.51508769306423, -231.8756622267185, 229.4333993111361, -227.18070285675998, 225.11067905553466, -223.21708824099758, 221.49430218537498, -219.9372662998619, 218.54146627629046, -217.30289877132773, 216.21804578962545, -215.283852471183, 214.49770803161513, -213.85742964292285, 213.36124907752497, -213.00780197038196, 212.79611958362966, -106.36281149288574
1460.5882270553898, -2934.5264295564398, 2975.3014804887607, -3045.7776928163908, 3150.1112351964616, -3294.9889882645984, 3490.8048044190559, -3753.7884368494642, 4110.0152942293253, -4603.4722521519807, 5313.84244328366, -6401.0037757998489, 8238.5605806442818, -11948.01080408179, 23137.977961062974, -676.61923239860755, -21783.08529469325, 10588.133257150626, -6870.2998963997743, 5020.8465195888748, -3918.1084087385466, 3188.2569154238749, -2671.1239514790714, 2286.6590641666162, -1990.4158226270422, 1755.7468883227, -1565.7112541669605, 1409.028161213027, -1277.8986680555229, 1166.7610126887582, -1071.5439709952957, 989.20031819457699, -917.4050410078587, 854.35421843734366, -798.62747291137509, 749.09173433972671, -704.83253982484098, 665.10410260989067, -629.29243376798195, 596.88770622179891, -567.46327048540013, 540.6595290102922, -516.1714076205252, 493.73852320585672, -473.13739555294097, 454.1752252624218, -436.68488320785121, 420.5208457442522, -405.55587440507821, 391.67828626251423, -378.78969635371215, 366.80313998747738, -355.64150272607043, 345.23620107876576, -335.52606866341648, 326.45641167080902, -317.97820454880889, 310.04740238500409, -302.62435086176697, 295.67327815182011, -289.16185591604557, 283.06081881093036, -277.34363372751443, 271.98621145699281, -266.96665468001561, 262.26503716163074, -257.86320984439845, 253.74463020208631, -249.89421177218648, 246.29819124847162, -242.9440109018912, 239.82021442293436, -236.91635455213085, 234.22291109654526, -231.73121812618865, 229.4333993111361, -227.3223105026664, 225.39148878391947, -223.63510732070301, 222.04793543391705, -220.62530339388516, 219.3630715055989, -218.25760311410178, 217.3057412123263, -216.5047883808013, 215.85248983076264, -215.34701936018018, 214.98696806679919, -214.77133569414789, 107.34976225808023
-1287.8797291691028, 2586.1333298575378, -2617.7491496288058, 2672.1495585468238, -2752.1197148466699, 2862.0629066889114, -3008.6582834534065, 3202.0009401983039, -3457.6320209018468, 3800.3376735427692, -4271.7714828748085, 4947.2456204333939, -5977.7291551192902, 7715.8636554559453, -11220.049369779381, 21783.08529469325, -589.73068424655662, -20602.340151045271, 10035.437689630015, -6524.7565945788865, 4777.4195402685837, -3734.9133271647161, 3044.4452990914906, -2554.8523019379727, 2190.5785724044472, -1909.6688460639382, 1686.9659594769114, -1506.4736697872061, 1357.5382751243346, -1232.7927282414075, 1126.9819735964156, -1036.2582523238736, 957.74075012608796, -889.23072996124552, 829.02167446309534, -775.76942751511012, 728.40132965639816, -686.05134483370421, 648.01290483438481, -613.70407604705679, 582.641452062285, -554.42032683696323, 528.69945581123648, -505.18921410370933, 483.64230134295713, -463.8463774483842, 445.61817798103709, -428.79877427329455, 413.24972733030779, -398.84994541841172, 385.49310004221604, -373.08548827429752, 361.54425434167246, -350.79590224164036, 340.77504555474025, -331.42335169209576, 322.68864639023383, -314.52415095722745, 306.88783002890301, -299.74183174709458, 293.05200557415606, -286.78748559848646, 280.92032930871341, -275.42520352971206, 270.27911060682464, -265.46114906137683, 260.95230387228588, -256.73526230549243, 252.79425184691431, -249.11489732077925, 245.68409471357495, -242.48989959050604, 239.5214282991254, -236.76877041412575, 234.22291109654526, -231.8756622267185, 229.71960132879818, -227.74801744016685, 225.95486319535118, -224.33471249426532, 222.88272321134963, -221.59460447761182, 220.46658813352366, -219.49540400873647, 218.67825873592301, -218.01281785187231, 217.49719098018505, -217.12991992739492, 216.90996955878541, -108.41836067612232
1144.7589190287238, -2297.7104802332146, 2322.6335485796994, -2365.3594483301763, 2427.8063730549625, -2512.9637175175681, 2625.2765856524938, -2771.2891644876822, 2960.7395429502285, -3208.4941661717794, 3538.15607298744, -3989.2950905183666, 4633.3667518325628, -5613.5215593121857, 7264.0451301259036, -10588.133257150626, 20602.340151045271, -517.59366643900512, -19566.14074950838, 9548.8870106931954, -6219.6850672246701, 4561.9261078979998, -3572.3358723813112, 2916.5242608993203, -2451.2073265506197, 2104.7632251458267, -1837.4178680467362, 1625.31943779619, -1453.2997269859618, 1311.2549595796397, -1192.1971217461398, 1091.1405313140021, -1004.4338552249457, 929.34268156750443, -863.77946878798559, 806.12355244468677, -755.09802535489735, 709.68358135767642, -669.05699816063998, 632.54641684227806, -599.5983037494932, 569.75268558067864, -542.62433963370438, 517.888334633157, -495.26879314653939, 474.53006930194636, -455.46975805504405, 437.91310801293173, -421.70852034943141, 406.72389577754143, -392.84364930468297, 379.96625496003384, -368.00221422203299, 356.87236552353534, -346.50647010502666, 336.84202313819071, -327.82324954084811, 319.40025203853338, -311.52828537476995, 304.16713555728239, -297.28058696784643, 290.83596329684565, -284.80373076939793, 279.15715414470964, -273.87199759871032, 268.92626392261548, -264.29996654937884, 259.97492980476392, -255.93461350822088, 252.1639586510363, -248.64925137919812, 245.37800292511741, -242.33884348096205, 239.5214282991254, -236.91635455213085, 234.51508769306423, -232.30989623493858, 230.29379401855419, -228.46048916778875, 226.80433904243949, -225.32031059472422, 224.00394561880762, -222.85133045533274, 221.85906977663484, -221.02426413458093, 220.34449100305434, -219.81778909207355, 219.44264575132141, -219.21798731828909, 109.57158615051277
-1024.8382149744091, 2056.2400551238525, -2076.1772359729621, 2110.2503463839162, -2159.8124676317993, 2226.94728714147, -2314.7025899908845, 2427.469680206068, -2571.6053828986146, 2756.4810009784837, -2996.3283561348308, 3313.677138580872, -3746.2376457630344, 4362.0502762432279, -5297.366558116506, 6870.2998963997743, -10035.437689630015, 19566.14074950838, -457.01275649630088, -18651.306248580047, 9118.1686239346327, -5948.9477088958201, 4370.2437925506283, -3427.4137321513363, 2802.2701796304805, -2358.4676209041445, 2027.8492061860281, -1772.5626006916136, 1569.9065085411685, -1405.4428711781222, 1269.5530778704531, -1155.5837056043981, 1058.7870122523718, -975.68528916750734, 903.6736275789824, -840.76292270644524, 785.40857412435821, -736.39330636897625, 692.74516468822924, -653.67895842048688, 618.55368936537081, -586.84109847443358, 558.10208662952664, -531.96880360781506, 508.13087821669802, -486.32471515155862, 466.32509121396339, -447.93849529729971, 430.99780477461491, -415.35799610843156, 400.89266309675418, -387.49117114118172, 375.05631633841296, -363.50238821510987, 352.75355743661618, -342.74252685215259, 333.40939723488128, -324.70070906998183, 316.56862948812591, -308.97025948463079, 301.86704131140704, -295.22424968115797, 289.01055340733723, -283.19763648995854, 277.75986957650883, -272.67402427846361, 267.91902408401955, -263.47572663610646, 259.3267329879547, -255.45622014286229, 251.84979375901088, -248.49435837698306, 245.37800292511741, -242.48989959050604, 239.82021442293436, -237.36002827477219, 235.10126687939365, -233.03663904031836, 231.15958204801535, -229.46421356536467, 227.94528932956396, -226.59816611065645, 225.41876944721349, -224.40356575002247, 223.54953842657955, -222.85416773419689, 222.31541411881338, -221.93170484120239, 221.7019237331177, -110.81270198191011
923.36541214352667, -1852.0573334104899, 1868.216056392976, -1895.759852665655, 1935.6635422929664, -1989.4133281241761, 2059.1533282614064, -2147.9179136221014, 2260.0009075002322, -2401.5546641188889, 2581.5955790108928, -2813.7698094830566, 3119.6378469307715, -3535.2485625536283, 4125.6067417143058, -5020.8465195888748, 6524.7565945788865, -9548.8870106931954, 18651.306248580047, -405.61006818069797, -17839.431478628649, 8735.0428055357734, -5707.6114334479453, 4199.0406257767818, -3297.7399435633679, 2699.867277892381, -2275.2208805941982, 1958.7126032579292, -1714.1924852801171, 1519.9787236848565, -1362.2804915956901, 1231.9094302138417, -1122.5089796553937, 1029.542621008002, -949.68686453405815, 880.45190238911368, -819.93617746947541, 766.66278651740208, -719.46756527239245, 677.42076470376981, -639.77111944827834, 605.90518213243593, -575.31727617319302, 547.5869689447851, -522.36195872639951, 499.3449171337075, -478.28326091531761, 458.96112024718161, -441.19297289119481, 424.81855513956555, -409.69876091870407, 395.71231262097268, -382.75303973335758, 370.72763993188164, -359.55382598159332, 349.15878328266587, -339.47787917178897, 330.45357750179562, -322.03452157003028, 314.17475586408614, -306.83306286666016, 299.9723956964695, -293.55939094744798, 287.56394893982662, -281.95887087738583, 276.71954423929611, -271.82366921766965, 267.25102021647632, -262.98323741072187, 259.00364417104254, -255.29708682292292, 251.84979375901088, -248.64925137919812, 245.68409471357495, -242.9440109018912, 240.41965397089123, -238.10256957683964, 235.98512857198864, -234.06046841661851, 232.32244159745244, -230.76557033271339, 229.38500694715077, -228.17649938975455, 227.13636144488697, -226.26144725611175, 225.54912984271397, -224.99728334316612, 224.60426876879674, -224.36892309569757, 112.1452757821904
-836.74581902793955, 1677.8644930934875, -1691.1157085629175, 1713.6534135312131, -1746.1932340593962, 1789.8169608778967, -1846.0671982456752, 1917.0943425162982, -2005.8840745578873, 2116.6147523934069, -2255.2341421077799, 2430.4248534003577, -2655.2975584936989, 2950.5388791825644, -3350.7102531885162, 3918.1084087385466, -4777.4195402685837, 6219.6850672246701, -9118.1686239346327, 17839.431478628649, -361.58630839471766, -17115.723327232114, 8392.8497698150168, -5491.6679681404694, 4045.5957696307514, -3181.3397444432694, 2607.8191850752214, -2200.2983332409431, 1896.419606242659, -1661.5481350583327, 1474.9096796903225, -1323.2897601526267, 1197.8832843149014, -1092.5982436507122, 1003.0864369536371, -926.1619375321892, 859.43766228010134, -801.09023286956983, 749.70323516624956, -704.15999124903101, 663.56851292771614, -627.2079081920225, 594.48941349699874, -564.92759957503461, 538.11878268618568, -513.72462310478159, 491.45951370707667, -471.080775558867, 452.38095834526132, -435.18173723174101, 419.32903336274279, -404.68908144358596, 391.1452370197959, -378.59536636874572, 366.94969890170063, -356.12904944528958, 346.06333837269523, -336.69035314343409, 327.95470670581614, -319.80695736525121, 312.20286181120775, -305.10273852827578, 298.47092316327553, -292.27530085665217, 286.48690327946133, -281.07956030344769, 276.02959799001934, -271.31557600542828, 266.91805872444093, -262.8194152276717, 259.00364417104254, -255.45622014286229, 252.1639586510363, -249.11489732077925, 246.29819124847162, -243.70402076326414, 241.32351010536635, -239.14865574727716, 237.17226326852079, -235.38789185145407, 233.78980560007082, -232.3729309992967, 231.13281993222233, -230.06561775970346, 229.16803604298218, -228.43732955731642, 227.8712773046272, -227.46816728725219, 227.22678485420209, -113.57320223845176
