2640.5000000000032, -3210.5937366249386, 802.8985120477123, -357.02911837546765, 200.97493977207762, -128.74426844542629, 89.507981783623578, -65.849871385285397, 50.494985099665463, -39.967866429306021, 32.438024146322142, -26.866938764456709, 22.629820049912926, -19.33249602306983, 16.716322904082599, -14.605882270553899, 12.878797291691027, -11.447589190287237, 10.24838214974409, -9.2336541214352668, 8.367458190279395, -7.6221970743102485, 6.9763995379008996, -6.4131582049580338, 5.9190131299023747, -5.4831414735973816, 5.0967609922250245, -4.7526852116279406, 4.4449877547528649, -4.1687462510394422, 3.9198449732836758, -3.6948213000525176, 3.4907452246130615, -3.3051240247043387, 3.1358262629480911, -2.9810207646515781, 2.8391272923907978, -2.7087764235783696, 2.5887767198142937, -2.4780877120195552, 2.3757975531659787, -2.2811044392859881, 2.193301089792584, -2.111761724752665, 2.0359310904403811, -1.9653151732079921, 1.8994733113540783, -1.8380114696566796, 1.7805764848940355, -1.726851125515382, 1.6765498365680007, -1.6294150635067761, 1.5852140667448391, -1.5437361536297125, 1.5047902666360391, -1.4682028764922552, 1.4338161371287879, -1.4014862660854248, 1.3710821196123515, -1.3424839363561805, 1.3155822274099642, -1.2902767937622868, 1.2664758549162169, -1.2440952747543326, 1.2230578726746215, -1.2032928096737661, 1.1847350404582815, -1.1673248238606273, 1.1510072848600865, -1.1357320223845178, 1.1214527578219042, -1.1081270198191013, 1.0957158615051277, -1.0841836067612232, 1.0734976225808024, -1.0636281149288573, 1.0545479458302673, -1.0462324696965764, 1.0386593871468888, -1.0318086147954366, 1.0256621696703401, -1.0202040670986436, 1.0154202310450058, -1.0112984160281127, 1.0078281398623159, -1.00500062658421, 1.0028087590266856, -1.001247040598001, 1.0003115659120934, -0.5
802.64843415623466, -401.19917813237834, -535.32127065179293, 200.84974489769689, -107.19777593187871, 67.06128027424613, -46.037467129295827, 33.61437269407687, -25.650920372932372, 20.235844101069304, -16.384552327590075, 13.546832186954271, -11.395229120293278, 9.7248056435029451, -8.4019069399290167, 7.3363160738910995, -6.4653333246438445, 5.7442762005830366, -5.1406001378096313, 4.6301433335262248, -4.1946612327337185, 3.8201679103172368, -3.495795893173681, 3.2129970613229744, -2.9649727541052848, 2.7462608776732309, -2.5524324376381688, 2.3798655528906618, -2.2255751311933154, 2.0870830665533839, -1.9623183000506446, 1.8495391400098509, -1.747272348962297, 1.654264984260553, -1.5694460286509078, 1.4918956001788268, -1.4208200770581192, 1.3555318733923856, -1.2954328977100511, 1.2400009472403484, -1.1887784571596869, 1.1413631501942638, -1.0974002283861088, 1.0565758230488587, -1.0186114764541352, 0.98325947364461108, -0.95029887796505819, 0.91953215167835178, -0.89078226507475133, 0.86389021506582653, -0.83871288835160895, 0.81512121560635942, -0.79299857231968962, 0.77223938940139647, -0.75274794275777246, 0.73443729604662034, -0.71722837493210811, 0.70104915455853256, -0.68583394477881565, 0.671522760016664, -0.65806076259700863, 0.64539777001699028, -0.63348781800537257, 0.6222887723773427, -0.61176198367114087, 0.6018719793830718, -0.5925861893229516, 0.58387470021325882, -0.57571003616900762, 0.56806696213550523, -0.56092230773924401, 0.55425480933279436, -0.54804496829572269, 0.54227492389696352, -0.53692833923536976, 0.53199029895907413, -0.52744721762483793, 0.52328675769913091, -0.51949775632615425, 0.51607016009684759, -0.51299496714922121, 0.51026417601590912, -0.50787074071123073, 0.5058085316185984, -0.50407230180100959, 0.50265765841363186, -0.5015610389490438, 0.50077969209332629, -0.50031166301566488, 0.25007789147802334
-200.72462801192808, 535.32127065179293, -100.23715812588944, -321.45977271551612, 134.03901054400649, -76.665379288545836, 50.369203361769628, -35.866536370151202, 26.941891518533666, -21.03083725244797, 16.901866954780942, -13.898548654402241, 11.643071824054307, -9.9047380652372041, 8.5358781793420935, -7.4382537012219023, 6.5443728740720148, -5.8065838714492486, 5.1904430899324057, -4.6705401409824399, 4.2277892714072935, -3.8476253940134009, 3.5187744632248368, -3.2323979062796071, 2.9814862497984951, -2.7604221670124307, 2.5646608393039747, -2.3904929126635142, 2.2348664923995791, -2.0952519271180448, 1.9695380028300478, -1.8559514667150245, 1.7529940682948713, -1.6593928872582804, 1.5740608341152018, -1.4960650082066591, 1.4246011746189067, -1.3589730429775102, 1.2985753419025028, -1.2428799142372766, 1.1914242318333086, -1.1438018601163842, 1.0996545029102096, -1.058665335009235, 1.020553389566762, -0.98506881374822852, 0.95198884243761162, -0.92111436842102801, 0.89226701016511301, -0.86528659638827499, 0.84002900110191214, -0.81636427445017723, 0.79417502409698237, -0.77335500955907366, 0.75380791812342718, -0.73544629609706735, 0.71819061333871814, -0.70196844248918877, 0.68671373718971163, -0.67236619596514902, 0.65887070044060847, -0.64617681822669881, 0.63423836220788699, -0.62301299914670327, 0.6124619015117595, -0.6025494372805521, 0.59324289318414292, -0.58451222747080644, 0.57632984878673965, -0.56867041821813058, 0.56151067192199189, -0.55482926210300598, 0.54860661437830349, -0.5428247998184873, 0.537467420166998, -0.5325195049259549, 0.52796741915894263, -0.52379878100331279, 0.52000238800934173, -0.51656815153353808, 0.51348703851065169, -0.51075102001532668, 0.50835302610144995, -0.50628690647643071, 0.50454739663009673, -0.50313008909465795, 0.50203140956416892, -0.50124859764996099, 0.50077969209332629, -0.25031176014950024
89.257279593866912, -200.84974489769689, 321.45977271551612, -44.503288702055094, -229.90062234972044, 100.67565296832299, -59.727908289600215, 40.370874244720959, -29.406480478790911, 22.503052686215081, -17.83985970149212, 14.52661760323827, -12.080624483772219, 10.219622516554384, -8.7687182326738018, 7.6144442320409773, -6.6803738963670591, 5.9133986208254408, -5.2756258659597899, 4.7393996316641376, -4.2841335338280331, 3.8942363983389736, -3.5577180841831444, 3.2652310220063234, -3.0093979179890811, 2.7843316306715797, -2.5852866970725712, 2.4084026793731934, -2.25051260315561, 2.1089982275125103, -1.9816794692134578, 1.8667290470122271, -1.7626059639715277, 1.6680032108475211, -1.5818063113824521, 1.5030602093962508, -1.4309426292063947, 1.364742499765587, -1.3038423696761068, 1.2477039897808899, -1.1958564266065983, 1.1478862106147747, -1.1034291301407069, 1.0621633637792138, -1.0238037071251032, 0.9880966988075025, -0.95481648907125649, 0.92376132427991531, -0.89475054453231972, 0.8676220105214143, -0.84222989089901945, 0.81844275356764529, -0.79614191413270841, 0.77522000270436631, -0.75557971671714719, 0.73713273273404267, -0.71979875455229958, 0.70350467851427179, -0.6881838598937412, 0.67377546669176991, -0.66022390922890128, 0.64747833563666313, -0.63549218479064051, 0.6242227894383422, -0.61363102329698427, 0.60368098676121396, -0.59433972659493328, 0.58557698560623639, -0.57736497883781079, 0.5696781932615681, -0.56249320835791528, 0.55578853529703343, -0.54954447273018392, 0.54374297745046263, -0.53836754840045042, 0.53340312269381229, -0.52883598248327868, 0.52465367165211407, -0.52084492143316607, 0.51739958417141341, -0.51430857454482715, 0.51156381764614223, -0.50915820340646567, 0.50708554691189223, -0.50534055422768154, 0.50391879340213375, -0.50281667037502664, 0.50203140956416892, -0.5015610389490438, 0.25070218975667141
-50.243734943019405, 107.19777593187871, -134.03901054400649, 229.90062234972044, -24.996242393186712, -179.10931133262724, 80.691451407273931, -48.970091536880069, 33.7195296585829, -24.944679080488491, 19.340658765847369, -15.506413745484442, 12.750634075856288, -10.695042259090981, 9.1164311497720369, -7.8752780879911546, 6.8802992871166744, -6.0695159326374064, 5.3995311690794985, -4.8391588557324159, 4.3654830851484903, -3.9613366135046215, 3.6136392450765946, -3.3122745731684438, 3.0493134142868321, -2.8184661377340801, 2.6146894968743131, -2.4338998303281461, 2.2727608110857558, -2.1285242901620514, 1.9989095136716801, -1.882010447879831, 1.7762239476528396, -1.6801935573540592, 1.5927651594097176, -1.5129516897251096, 1.4399048547874211, -1.3728923014155041, 1.311279066400842, -1.2545124104093315, 1.2021093465546553, -1.1536463286127436, 1.1087506807598815, -1.0670934398527645, 1.02838334973347, -0.99236180000027496, 0.95879854292184019, -0.92748805448494032, 0.89824643103789326, -0.87090873318594897, 0.84532670469182269, -0.82136680703198828, 0.79890852064443529, -0.777842872305192, 0.75807115489863408, -0.73950381141929089, 0.7220594596101112, -0.70566403740028283, 0.69025005240990023, -0.67575592136227969, 0.66212538738581805, -0.64930700497475113, 0.63725368387530057, -0.62592228442169628, 0.6152732579068686, -0.60527032646897805, 0.59588019773496526, -0.58707231010850458, 0.57881860514074301, -0.57109332389329104, 0.56387282460678489, -0.55713541933549227, 0.550861227507636, -0.5450320446296808, 0.5396312245769066, -0.53464357410730712, 0.53005525840556356, -0.52585371661220492, 0.5220275864231847, -0.51856663695963912, 0.51546170920877921, -0.51270466342666632, 0.51028833297367027, -0.50820648412516678, 0.50645378146473863, -0.50502575852590026, 0.50391879340213375, -0.50313008909465795, 0.50265765841363186, -0.25125015664605249
32.186067111356572, -67.06128027424613, 76.665379288545836, -100.67565296832299, 179.10931133262724, -15.96705503819547, -146.84926397453481, 67.397048982100443, -41.539932628477679, 28.980864328288256, -21.681925813465483, 16.976124067198484, -13.727912039454489, 11.37422419274173, -9.6053299602347835, 8.2374724706614959, -7.155157266722278, 6.2824092937939202, -5.5673682178536756, 4.9735333203104402, -4.474542402194742, 4.0509304999920737, -3.6880478526406781, 3.3746826947744406, -3.1021267302500775, 2.8635266249123656, -2.6534249614111696, 2.4674295011165124, -2.3019710715730413, 2.1541237675376537, -2.0214696750332446, 1.9019958751150641, -1.7940151650660132, 1.6961044203824698, -1.6070562263987858, 1.5258405958943844, -1.4515744271237201, 1.3834969556645298, -1.3209498865334657, 1.2633612095275342, -1.210231934425984, 1.1611251568449983, -1.1156569964904808, 1.0734890488428894, -1.0343220671805773, 0.99789065025671486, -0.9639587562241404, 0.93231589873631193, -0.90277390889858533, 0.87516416866156943, -0.8493352386598958, 0.8251508174062685, -0.80248797991485876, 0.78123565283472962, -0.76129329047401162, 0.74256972203893779, -0.72498214527143634, 0.70845524565880025, -0.69292042367759565, 0.67831511525495114, -0.66458219288991471, 0.65166943676050415, -0.63952906671652865, 0.62811732737905446, -0.61739411967893998, 0.60732267310515997, -0.59786925372809308, 0.5890029037375295, -0.58069520880961023, 0.57292009010745548, -0.56565361814027937, 0.55887384606644885, -0.55256066033645235, 0.54669564683980754, -0.54126197095200324, 0.53624427007903785, -0.53162855747254267, 0.52740213624169507, -0.52355352262239419, 0.52007237768223868, -0.51694944674409016, 0.51417650590341801, -0.51174631509695179, 0.50965257725390722, -0.50788990312749782, 0.50645378146473863, -0.50534055422768154, 0.50454739663009673, -0.50407230180100948, 0.25195703496557892
-22.376995445905894, 46.037467129295827, -50.369203361769628, 59.727908289600215, -80.691451407273931, 146.84926397453481, -11.062085420949375, -124.5680443020948, 57.925622108435348, -36.106527353623115, 25.437745134123034, -19.195126307003701, 15.143579520467632, -12.329182214493407, 10.27758090019524, -8.7270120110476395, 7.5216457086335158, -6.5631914641312346, 5.7867564749772109, -5.1478833206535164, 4.615167995614188, -4.1658480730230742, 3.7830575021241422, -3.4540590079082891, 3.1690719956307603, -2.9204752149777233, 2.7022520570751367, -2.5095969134172682, 2.3386308436651864, -2.1861929109742086, 2.0496848368179257, -1.9269538364232646, 1.8162031964464866, -1.7159232807757061, 1.6248377635624567, -1.5418613410017521, 1.4660661864084676, -1.3966551293404348, 1.332940052252541, -1.2743243695274078, 1.2202887256212254, -1.1703792501486776, 1.1241978578582073, -1.0813941945268897, 1.04165891568638, -1.0047180508301452, 0.97032825644426635, -0.93827280056642004, 0.90835815234439565, -0.88041107426419118, 0.85427613386358092, -0.82981356698060482, 0.80689743677223957, -0.78541404253624525, 0.76526054028525137, -0.74634374344781362, 0.72857907731026406, -0.71188966510308171, 0.69620552716256667, -0.68146287750985923, 0.66760350460139817, -0.6545742250106148, 0.64232640047431955, -0.63081551013852788, 0.62000077101556361, -0.60984480065615676, 0.60031331687864109, -0.59137487010810308, 0.58300060448265145, -0.57516404439925872, 0.5678409036122174, -0.56100891437505629, 0.55464767444158714, -0.54873851002184115, 0.54326435303081577, -0.53820963117795761, 0.53356016962793817, -0.52930310312263673, 0.52542679759371513, -0.52192078041771761, 0.51877567857368556, -0.51598316405900035, 0.51353590600435528, -0.51142752900498434, 0.50965257725390722, -0.50820648412516678, 0.50708554691189234, -0.50628690647643071, 0.5058085316185984, -0.25282460400702816
16.462467846321349, -33.61437269407687, 35.866536370151202, -40.370874244720959, 48.970091536880069, -67.397048982100443, 124.5680443020948, -8.1043063942801705, -108.27459782391431, 50.843798005417625, -31.965304144231077, 22.691782572696088, -17.239344860973386, 13.683514673419616, -11.201793349913089, 9.3844710921236612, -8.0050023504957597, 6.9282229112192057, -6.0686742005151704, 5.3697947840552533, -4.7927358562907454, 4.3099840664769857, -3.9015451092642466, 3.5525655808786452, -3.2517993624501274, 2.9905890326668469, -2.7621717937415622, 2.5611957728372818, -2.3833761637006314, 2.225246409427335, -2.083975272542149, 1.9572304025693046, -1.8430752500228027, 1.739890247573106, -1.6463118883411301, 1.5611851657165901, -1.4835261013166616, 1.412491969075814, -1.3473574473098531, 1.2874953777479368, -1.2323611347779129, 1.181479845841489, -1.1344358799226273, 1.0908641526392668, -1.0504428956695611, 1.0128876136955152, -0.97794600987351599, 0.94539370548754476, -0.915030614151644, 0.88667785809260569, -0.86017513543547153, 0.83537846435996965, -0.81215824349519361, 0.79039757873126404, -0.76999083532970203, 0.75084238125419611, -0.73286549336455464, 0.71598140278673505, -0.70011845960019992, 0.68521140013502113, -0.67120070277508759, 0.65803202032359964, -0.64565567878500751, 0.63402623391950974, -0.62310207818515606, 0.61284509174124169, -0.60322033207975678, 0.59419575760732113, -0.58574198114140474, 0.57783204983055581, -0.57044124847438638, 0.56354692361803371, -0.55712832613833185, 0.55116647033380917, -0.54564400778525457, 0.54054511447406361, -0.5358553898370968, 0.53156176660363608, -0.52765243040591836, 0.52411674828272103, -0.52094520530823141, 0.51812934867818283, -0.51566173867392406, 0.51353590600435517, -0.51174631509695179, 0.51028833297367027, -0.50915820340646578, 0.50835302610144995, -0.50787074071123073, 0.25385505776125145
-12.623746274916366, 25.650920372932372, -26.941891518533666, 29.406480478790911, -33.7195296585829, 41.539932628477679, -57.925622108435348, 108.27459782391431, -6.1843476290707313, -95.856087644175744, 45.355294009977101, -28.708375913485771, 20.503959409323716, -15.662967361574086, 12.494433187961286, -10.275038235573312, 8.6440800522546173, -7.4018488573755716, 6.4290134572465361, -5.6500022687505806, 5.0147101863947183, -4.488659886853962, 4.0473878708172704, -3.6730819797311214, 3.3524841589756269, -3.0755366221914855, 2.8344816941504454, -2.6232477327546264, 2.4370206665086545, -2.271939024861783, 2.1248729792531735, -1.993261682703998, 1.8749917940606677, -1.7683055700766268, 1.6717304985148975, -1.5840248356413087, 1.5041350310500836, -1.4311621379513355, 1.364335086351387, -1.3029892485961203, 1.2465491227486951, -1.1945142466740002, 1.1464476665608496, -1.1019664398870967, 1.0607337697529342, -1.0224524557623353, 0.98685941380605502, -0.95372106862898087, 0.92282946288581247, -0.89399895737716117, 0.86706342143191817, -0.84187383153479045, 0.81829621146849274, -0.79620985933659172, 0.77550581653003958, -0.75608554151368046, 0.73785975763503908, -0.72074744930344892, 0.70467498509183579, -0.68957534976315316, 0.67538747006551614, -0.66205562149074193, 0.6495289051425166, -0.63776078548645387, 0.62670868111388567, -0.61633360179184105, 0.60659982603173124, -0.5974746142198839, 0.58892795303967038, -0.58093232749824175, 0.5734625173678769, -0.56649541527664105, 0.56000986404701902, -0.55398651119402953, 0.54840767876399721, -0.54325724692831934, 0.53852054994877308, -0.53418428330684531, 0.5302364209431577, -0.52666614168763437, 0.52346376407945194, -0.52062068888040336, 0.51812934867818283, -0.51598316405900035, 0.51417650590341801, -0.51270466342666632, 0.51156381764614223, -0.51075102001532657, 0.51026417601590912, -0.25505101677466085
9.9919666073265052, -20.235844101069304, 21.03083725244797, -22.503052686215081, 24.944679080488491, -28.980864328288256, 36.106527353623115, -50.843798005417625, 95.856087644175744, -4.8677755324546306, -86.089360678949546, 40.9823734384576, -26.083262360779639, 18.722189221319589, -14.367127074698208, 11.508680630379951, -9.5008441838569233, 8.0212354154294481, -6.8912025024462089, 6.0038866602972218, -5.291536880983517, 4.7091768486903671, -4.2258170242338657, 3.81943792823356, -3.4739837504805218, 3.1774860653695032, -2.9208518056145532, 2.6970567969635488, -2.5005951585383177, 2.3270948072121351, -2.1730435400860948, 2.0355903905288275, -1.9123992555931622, 1.8015394769690372, -1.7014029722075592, 1.6106407237971085, -1.5281135723412078, 1.4528537098972449, -1.3840342683166102, 1.3209450957419655, -1.2629733093551399, 1.2095875677090888, -1.1603252639466435, 1.114782030588628, -1.0726030870169931, 1.0334760659215099, -0.99712503439540701, 0.9633054858523673, -0.93180012536896273, 0.9024153069630203, -0.87497800927969183, 0.84933325807512516, -0.82534192117627569, 0.80287881531336769, -0.78183107516762462, 0.7620967437581232, -0.74358355037208057, 0.72620784797983273, -0.70989368674572839, 0.69457200406450958, -0.68017991468808237, 0.66666008709256708, -0.6539601943751423, 0.64203242974783559, -0.63083307817769352, 0.62032213696307481, -0.61046297907717606, 0.6012220539870885, -0.59256862139795841, 0.58447451400017703, -0.57691392583178347, 0.56986322332390993, -0.56330077648681054, 0.55720680802837408, -0.55156325848471288, 0.54635366569072619, -0.54156305713352371, 0.53717785391833173, -0.53318578523927307, 0.52957581238979956, -0.52633806147263884, 0.52346376407945194, -0.52094520530823141, 0.51877567857368556, -0.51694944674409016, 0.51546170920877921, -0.51430857454482704, 0.51348703851065169, -0.51299496714922121, 0.25641554241758502
-8.1095060365805356, 16.384552327590075, -16.901866954780942, 17.83985970149212, -19.340658765847369, 21.681925813465483, -25.437745134123034, 31.965304144231077, -45.355294009977101, 86.089360678949546, -3.9257769414405947, -78.217290585428628, 37.421052926230495, -23.92532246344112, 17.245095732499337, -13.28460610820915, 10.679428707187022, -8.8453901824686003, 7.4908208903370763, -6.4539889475272316, 5.6380853552694496, -4.981679877664793, 4.443954777928286, -3.9967579693843485, 3.6200650678731914, -3.2992589446183787, 3.0234311999782904, -2.7842844550018895, 2.575401576697208, -2.3917464756620554, 2.2293152925665547, -2.084887741781424, 1.9558466650856425, -1.8400449744512954, 1.7357061139413168, -1.6413486173652265, 1.5557282441899976, -1.4777931122657053, 1.4066485587874187, -1.3415293656490985, 1.2817776181275213, -1.2268249144918013, 1.1761779662830578, -1.1294068630442964, 1.0861354471641598, -1.046033372023162, 1.0088095121469525, -0.97420646625100471, 0.94199594906322326, -0.91197491005343645, 0.88396224988248806, -0.85779603084865741, 0.83333109758122736, -0.81043703999321393, 0.78899644301893646, -0.76890337765286354, 0.75006209582548899, -0.73238589812181609, 0.71579614859322915, -0.70022141518568359, 0.68559671780228193, -0.67186286888994595, 0.6589658938088846, -0.64685652020559381, 0.63548972724122765, -0.62482434688810407, 0.61482271064662442, -0.60545033599222398, 0.59667564766894543, -0.5884697296286352, 0.58080610399363108, -0.57366053391341176, 0.56701084760609877, -0.56083678123566327, 0.55511983858479264, -0.54984316574965475, 0.54499143931290317, -0.54055076665079194, 0.53650859720386124, -0.53285364369227073, 0.52957581238979956, -0.52666614168763437, 0.52411674828272103, -0.52192078041771761, 0.52007237768223857, -0.51856663695963912, 0.51739958417141341, -0.51656815153353808, 0.51607016009684759, -0.25795215369885915
6.7167346911141772, -13.546832186954271, 13.898548654402241, -14.52661760323827, 15.506413745484442, -16.976124067198484, 19.195126307003701, -22.691782572696088, 28.708375913485771, -40.9823734384576, 78.217290585428628, -3.2285349221640134, -71.746159417809579, 34.468706223143457, -22.122619455245545, 16.002509439499622, -12.368114051083484, 9.9732377262959169, -8.2841928464521803, 7.0344245237076413, -6.0760621335008942, 5.3205469146662256, -4.7116495195596357, 4.2119824322492807, -3.7957401148298859, 3.4445525320931853, -3.1449987893494362, 2.8870543209271755, -2.6630870294030342, 2.4671887460869248, -2.2947183600192278, 2.1419824443452891, -2.0060074800489978, 1.8843744796713271, -1.7750969782231154, 1.6765297096833631, -1.5872993509592179, 1.5062513711098382, -1.4324087935118264, 1.3649398790585685, -1.3031325659138697, 1.246374080193055, -1.1941345424712626, 1.1459536898697054, -1.1014300477373236, 1.0602120423584185, -1.0219906629434852, 0.98649336869292337, -0.95347900289339182, 0.92273352644741757, -0.89406642199088193, 0.8673076497491734, -0.84230505966318803, 0.81892218266094208, -0.79703633843431998, 0.77653700858413011, -0.75732443318495224, 0.73930839619976174, -0.72240717112981367, 0.70654660311568407, -0.69165930764152606, 0.67768396921636476, -0.66456472605455152, 0.6522506289633283, -0.6406951644566814, 0.62985583362115793, -0.61969377951697024, 0.61017345695128089, -0.60126233934623552, 0.59293065817130197, -0.58515117104154635, 0.57789895512003842, -0.57115122291947185, 0.56488715798837807, -0.55908776830175755, 0.55373575546343745, -0.54881539807541668, 0.54431244784400967, -0.54021403717892857, 0.53650859720386124, -0.53318578523927307, 0.5302364209431577, -0.52765243040591836, 0.52542679759371502, -0.52355352262239419, 0.5220275864231847, -0.52084492143316607, 0.52000238800934173, -0.51949775632615425, 0.25966484678672219
-5.6574550124782315, 11.395229120293278, -11.643071824054307, 12.080624483772219, -12.750634075856288, 13.727912039454489, -15.143579520467632, 17.239344860973386, -20.503959409323716, 26.083262360779639, -37.421052926230495, 71.746159417809579, -2.6979484475269624, -66.340296336691452, 31.985081744933446, -20.596401451610706, 14.944322887798226, -11.583416879581407, 9.3655941144075854, -7.7990946173269284, 6.6382438962342469, -5.7467111366344428, 5.0428168724479141, -4.4746760312749974, 4.007771816283964, -3.618266485356425, 3.2891802768694305, -3.0080997896456121, 2.7657465128478509, -2.5550511991487821, 2.3705372670369775, -2.2078993043870736, 2.0637083295338656, -1.9352015116857657, 1.8201294412476321, -1.7166434062899978, 1.6232109838898958, -1.5385519998558475, 1.4615893582450776, -1.391410873532011, 1.3272393449697384, -1.2684088756231087, 1.2143459723776706, -1.1645543418902744, 1.1186025694650743, -1.0761140655539394, 1.0367588098659868, -1.000246530922372, 0.96632103972022487, -0.93475549728706764, 0.90534844250901636, -0.8779204424306204, 0.85231125495336968, -0.82837741547976418, 0.80599017601838818, -0.78503373866709025, 0.76540373603902967, -0.74700591970386887, 0.72975502455055685, -0.71357378249624315, 0.69839206344313498, -0.68414612503487593, 0.67077795575249444, -0.65823469834748072, 0.64646814263871777, -0.63543427838209743, 0.62509290032138265, -0.61540725869787838, 0.60634374947628866, -0.59787163936819299, 0.58996282142997158, -0.58259159760079593, 0.57573448504638547, -0.5693700436004171, 0.56347872195979865, -0.55804272060249394, 0.55304586966549718, -0.54847352025274798, 0.54431244784400967, -0.54055076665079194, 0.53717785391833184, -0.53418428330684531, 0.53156176660363608, -0.52930310312263673, 0.52740213624169507, -0.52585371661220492, 0.52465367165211418, -0.52379878100331279, 0.52328675769913102, -0.26155811742414409
4.8331240057674574, -9.7248056435029451, 9.9047380652372041, -10.219622516554384, 10.695042259090981, -11.37422419274173, 12.329182214493407, -13.683514673419616, 15.662967361574086, -18.722189221319589, 23.92532246344112, -34.468706223143457, 66.340296336691452, -2.2847435096547986, -61.763543803368954, 29.870027010204478, -19.289659138639863, 14.033803898280464, -10.90512569060807, 8.8381214063840705, -7.3763471979564113, 6.2917306923990237, -5.4576789880081371, 4.7983246989197941, -4.2654580732579026, 3.8269946210702113, -3.4607665638351084, 3.1509760017116859, -2.8860675185730242, 2.6573991107417285, -2.4583826335998298, 2.2839111106486953, -2.1299671681161683, 1.9933491613555068, -1.8714757309784846, 1.7622438087855461, -1.6639237861407585, 1.5750809896305078, -1.494516084926683, 1.4212193021936741, -1.3543348910084363, 1.2931332402993605, -1.2369888072596305, 1.1853624949500998, -1.1377874700118098, 1.0938576645968583, -1.0532183903196979, 1.015558627034884, -0.98060464948334769, 0.94811472998348145, -0.91787471216661554, 0.88969429409287182, -0.86340389239539039, 0.8388519848982271, -0.81590284927146972, 0.79443463108093904, -0.77433768706675399, 0.75551315940056962, -0.73787174459594151, 0.7213326271139292, -0.70582255284895701, 0.69127502185400658, -0.67762958306782595, 0.6648312165946435, -0.65282979138009212, 0.64157958802120219, -0.63103887801907832, 0.62116955209039548, -0.61193679124631117, 0.60330877526341586, -0.5952564239420991, 0.58775316719848414, -0.58077474058734635, 0.57429900332199535, -0.56830577625666601, 0.56277669763883664, -0.55769509473240242, 0.55304586966549707, -0.54881539807541668, 0.54499143931290317, -0.54156305713352371, 0.53852054994877308, -0.53585538983709669, 0.53356016962793817, -0.53162855747254256, 0.53005525840556345, -0.52883598248327868, 0.52796741915894263, -0.52744721762483793, 0.26363698645756678
-4.1790807260206497, 8.4019069399290167, -8.5358781793420935, 8.7687182326738018, -9.1164311497720369, 9.6053299602347835, -10.27758090019524, 11.201793349913089, -12.494433187961286, 14.367127074698208, -17.245095732499337, 22.122619455245545, -31.985081744933446, 61.763543803368954, -1.9565868486443962, -57.844944902657438, 28.050123424448451, -18.160112825314759, 13.243416395291264, -10.314016854285764, 8.3767756329712899, -7.0053521315700378, 5.9866871123628753, -5.2024997425380413, 4.5818883046941634, -4.0797864776168735, 3.6661925448334509, -3.3203705554012832, 3.0275373343217873, -2.7768751833310437, 2.5602902088256094, -2.3716091969548501, 2.2060444452682968, -2.0598277951105941, 1.9299546168203985, -1.814001074742839, 1.7099913380702274, -1.6162995223511862, 1.531576220333863, -1.4546927277142394, 1.3846981920684431, -1.3207863281748438, 1.2622693028930589, -1.2085570546758313, 1.1591407760192036, -1.1135796158141504, 1.0714898947163649, -1.0325362983428497, 0.99642463930242986, -0.96289587277747435, 0.93172112062622403, -0.90269751211378557, 0.87564468991233002, -0.85040186117276495, 0.82682529760627343, -0.80478620734027484, 0.78416891609551853, -0.76486930691102639, 0.74679347692768383, -0.72985657716280095, 0.71398180717268411, -0.69909954131878682, 0.68514656726475021, -0.67206542052211526, 0.65980380147641915, -0.64831406347613363, 0.63755276234392055, -0.62748025914371397, 0.6180603692645732, -0.60926005190816035, 0.60104913492722811, -0.59340007068693046, 0.58628771923266054, -0.57968915556679623, 0.57358349827784028, -0.56795175714189994, 0.56277669763883664, -0.55804272060249394, 0.55373575546343745, -0.54984316574965475, 0.54635366569072619, -0.54325724692831934, 0.54054511447406361, -0.5382096311779575, 0.53624427007903785, -0.53464357410730712, 0.5334031226938124, -0.5325195049259549, 0.53199029895907413, -0.26590702873221433
3.6514705676384747, -7.3363160738910995, 7.4382537012219023, -7.6144442320409773, 7.8752780879911546, -8.2374724706614959, 8.7270120110476395, -9.3844710921236612, 10.275038235573312, -11.508680630379951, 13.28460610820915, -16.002509439499622, 20.596401451610706, -29.870027010204478, 57.844944902657438, -1.6915480809965189, -54.457713236733127, 26.470333142876566, -17.175749740999436, 12.552116298972187, -9.7952710218463661, 7.970642288559687, -6.6778098786976789, 5.7166476604165402, -4.9760395565676054, 4.3893672208067498, -3.9142781354174012, 3.5225704030325673, -3.1947466701388074, 2.9169025317218957, -2.6788599274882392, 2.4730007954864424, -2.2935126025196468, 2.135885546093359, -1.9965686822784376, 1.8727293358493169, -1.7620813495621024, 1.6627602565247266, -1.5732310844199549, 1.4922192655544972, -1.4186581762135002, 1.3516488225257306, -1.2904285190513129, 1.2343463080146417, -1.1828434888823525, 1.1354380631560546, -1.091712208019628, 1.0513021143606305, -1.0138896860126956, 0.9791957156562856, -0.94697424088428039, 0.91700784996869344, -0.88910375681517606, 0.86309050269691445, -0.83881517165854125, 0.81614102917702258, -0.79494551137202218, 0.7751185059625102, -0.75656087715441744, 0.73918319537955035, -0.72290463979011388, 0.70765204702732587, -0.69335908431878612, 0.67996552864248194, -0.66741663670003903, 0.65566259290407691, -0.64465802461099619, 0.63436157550521577, -0.62473552943046617, 0.61574547812117908, -0.60736002725472804, 0.59955053605733588, -0.59229088638032712, 0.58555727774136312, -0.57932804531547166, 0.57358349827784028, -0.56830577625666601, 0.56347872195979865, -0.55908776830175755, 0.55511983858479264, -0.55156325848471288, 0.54840767876399721, -0.54564400778525446, 0.54326435303081577, -0.54126197095200324, 0.5396312245769066, -0.53836754840045042, 0.537467420166998, -0.53692833923536976, 0.2683744056452006
-3.2196993229227568, 6.4653333246438445, -6.5443728740720148, 6.6803738963670591, -6.8802992871166744, 7.155157266722278, -7.5216457086335158, 8.0050023504957597, -8.6440800522546173, 9.5008441838569233, -10.679428707187022, 12.368114051083484, -14.944322887798226, 19.289659138639863, -28.050123424448451, 54.457713236733127, -1.4743267106163915, -51.505850377613179, 25.088594224075035, -16.311891486447216, 11.943548850671458, -9.3372833179117904, 7.611113247728726, -6.3871307548449314, 5.4764464310111185, -4.7741721151598453, 4.2174148986922786, -3.7661841744680151, 3.3938456878108365, -3.0819818206035188, 2.8174549339910389, -2.5906456308096844, 2.3943518753152198, -2.2230768249031136, 2.0725541861577383, -1.9394235687877752, 1.8210033241409953, -1.7151283620842606, 1.620032262085962, -1.534260190117642, 1.4566036301557126, -1.3860508170924082, 1.3217486395280913, -1.2629730352592734, 1.2091057533573928, -1.1596159436209605, 1.1140454449525927, -1.0719969356832364, 1.0331243183257695, -0.99712486354602925, 0.96373275010554005, -0.93271372068574376, 0.90386063585418119, -0.87698975560410097, 0.85193761388685063, -0.82855837923023945, 0.80672161597558456, -0.78631037739306864, 0.76721957507225758, -0.74935457936773642, 0.73263001393539018, -0.7169687139962162, 0.70230082327178345, -0.68856300882428012, 0.67569777651706164, -0.66365287265344208, 0.65238075968071474, -0.64183815576373104, 0.63198562961728577, -0.62278724330194812, 0.61421023678393738, -0.6062247489762651, 0.59880357074781354, -0.59192192603531435, 0.58555727774136312, -0.57968915556679623, 0.57429900332199546, -0.5693700436004171, 0.56488715798837796, -0.56083678123566327, 0.55720680802837408, -0.55398651119402953, 0.55116647033380917, -0.54873851002184115, 0.54669564683980754, -0.5450320446296808, 0.54374297745046263, -0.5428247998184873, 0.54227492389696352, -0.27104590169030579
2.8618972975718093, -5.7442762005830366, 5.8065838714492486, -5.9133986208254408, 6.0695159326374064, -6.2824092937939202, 6.5631914641312346, -6.9282229112192057, 7.4018488573755716, -8.0212354154294481, 8.8453901824686003, -9.9732377262959169, 11.583416879581407, -14.033803898280464, 18.160112825314759, -26.470333142876566, 51.505850377613179, -1.2939841660975129, -48.915351873770952, 23.872217526732989, -15.549212668061676, 11.404815269744999, -8.9308396809532784, 7.2913106522483009, -6.1280183163765489, 5.2619080628645669, -4.5935446701168408, 4.0632985944904751, -3.6332493174649043, 3.2781373989490992, -2.9804928043653498, 2.7278513282850052, -2.5110846380623641, 2.323356703918761, -2.1594486719699639, 2.015308881111717, -1.8877450633872435, 1.7742089533941912, -1.6726424954015999, 1.5813660421056952, -1.4989957593737329, 1.4243817139516965, -1.3565608490842609, 1.2947208365828926, -1.2381719828663484, 1.1863251732548659, -1.1386743951376102, 1.0947827700323294, -1.0542713008735785, 1.0168097394438536, -0.98210912326170741, 0.94991563740008456, -0.92000553555508247, 0.89218091380883835, -0.86626617526256666, 0.84210505784547685, -0.81955812385212023, 0.79850063009633343, -0.77882071343692494, 0.76041783889320602, -0.74320146741961601, 0.72708990824211406, -0.71200932692349483, 0.69789288536177407, -0.68467999399677582, 0.67231565980653862, -0.66074991637344715, 0.64993732451190978, -0.63983653377055216, 0.63040989662759073, -0.62162312844799528, 0.6134450073127935, -0.6058471087024051, 0.59880357074781354, -0.59229088638032712, 0.58628771923266054, -0.58077474058734646, 0.57573448504638547, -0.57115122291947185, 0.56701084760609877, -0.56330077648681054, 0.56000986404701902, -0.55712832613833185, 0.55464767444158714, -0.55256066033645235, 0.55086122750763589, -0.54954447273018392, 0.54860661437830349, -0.54804496829572269, 0.27392896537628192
-2.5620955374360226, 5.1406001378096313, -5.1904430899324057, 5.2756258659597899, -5.3995311690794985, 5.5673682178536756, -5.7867564749772109, 6.0686742005151704, -6.4290134572465361, 6.8912025024462089, -7.4908208903370763, 8.2841928464521803, -9.3655941144075854, 10.90512569060807, -13.243416395291264, 17.175749740999436, -25.088594224075035, 48.915351873770952, -1.1425318912407523, -46.628265621450119, 22.79542155983658, -14.872369272239551, 10.92560948137657, -8.5685343303783412, 7.0056754490762012, -5.8961690522603609, 5.0696230154650701, -4.4314065017290343, 3.9247662713529214, -3.5136071779453055, 3.1738826946761325, -2.8889592640109951, 2.6469675306309295, -2.4392132229187684, 2.259184068947456, -2.1019073067661131, 1.9635214353108954, -1.8409832659224405, 1.7318629117205731, -1.6341973960512173, 1.5463842234134271, -1.4671027461860839, 1.3952552165738166, -1.3299220090195376, 1.270327195541745, -1.2158117878788965, 1.1658127280349084, -1.1198462382432492, 1.0774945119365373, -1.038394990271079, 1.0022316577418855, -0.96872792785295436, 0.93764079084603236, -0.90875597053777468, 0.8818838935915404, -0.85685631713038146, 0.83352349308720319, -0.81175177267495457, 0.79142157372031474, -0.77242564871157704, 0.75466760327851756, -0.73806062420289498, 0.72252638351834308, -0.70799409122489632, 0.69439967394127211, -0.68168506069615897, 0.66979756021004888, -0.65868931659026608, 0.64831683246988681, -0.63864055035715572, 0.62962448439752716, -0.62123589594245765, 0.6134450073127935, -0.6062247489762651, 0.59955053605733588, -0.59340007068693046, 0.58775316719848414, -0.58259159760079593, 0.57789895512003842, -0.57366053391341165, 0.56986322332390993, -0.56649541527664116, 0.56354692361803371, -0.56100891437505618, 0.55887384606644885, -0.55713541933549227, 0.55578853529703343, -0.55482926210300598, 0.55425480933279425, -0.27703175495477528
2.3084135303588167, -4.6301433335262248, 4.6705401409824399, -4.7393996316641376, 4.8391588557324159, -4.9735333203104402, 5.1478833206535164, -5.3697947840552533, 5.6500022687505806, -6.0038866602972218, 6.4539889475272316, -7.0344245237076413, 7.7990946173269284, -8.8381214063840705, 10.314016854285764, -12.552116298972187, 16.311891486447216, -23.872217526732989, 46.628265621450119, -1.0140251704517449, -44.598578696571622, 21.837607013839431, -14.269028583619864, 10.497601564441954, -8.2443498589084196, 6.7496681947309529, -5.6880522014854957, 4.8967815081448229, -4.2854812132002928, 3.7999468092121411, -3.4057012289892254, 3.0797735755346043, -2.8062724491384841, 2.573856552520005, -2.3742171613351455, 2.2011297559727843, -2.0498404436736886, 1.9166569662935053, -1.798668913180981, 1.6935519117594244, -1.599427798620696, 1.5147629553310897, -1.4382931904329825, 1.3689674223619628, -1.3059048968159988, 1.2483622928342688, -1.195708152288294, 1.147402800617954, -1.1029824322279871, 1.0620463878489139, -1.0242469022967602, 0.98928078155243171, -0.95688259933339392, 0.92681909982970412, -0.89888456495398328, 0.87289695820666469, -0.84869469792947239, 0.82613394375448901, -0.80508630392507574, 0.7854368896602153, -0.76708265716665036, 0.74993098924117374, -0.73389847736861991, 0.7189098723495666, -0.70489717719346456, 0.69179886059824025, -0.67955917304417413, 0.66812755054119077, -0.65745809352680473, 0.64750911042760639, -0.63824271705730728, 0.62962448439752716, -0.62162312844799528, 0.61421023678393738, -0.60736002725472804, 0.60104913492722811, -0.5952564239420991, 0.58996282142997158, -0.58515117104154624, 0.58080610399363108, -0.57691392583178347, 0.5734625173678769, -0.57044124847438638, 0.5678409036122174, -0.56565361814027937, 0.56387282460678489, -0.56249320835791528, 0.56151067192199189, -0.5609223077392439, 0.280363189455476
-2.0918645475698487, 4.1946612327337185, -4.2277892714072935, 4.2841335338280331, -4.3654830851484903, 4.474542402194742, -4.615167995614188, 4.7927358562907454, -5.0147101863947183, 5.291536880983517, -5.6380853552694496, 6.0760621335008942, -6.6382438962342469, 7.3763471979564113, -8.3767756329712899, 9.7952710218463661, -11.943548850671458, 15.549212668061676, -22.79542155983658, 44.598578696571622, -0.90396577098679409, -42.789308318080288, 20.982124424537542, -13.729169920351174, 10.113989424076879, -7.9533493611081738, 6.5195479626880539, -5.5007458331023571, 4.7410490156066478, -4.1538703376458317, 3.6872741992258065, -3.3082244003815671, 2.9947082107872536, -2.7314956091267808, 2.5077160923840927, -2.3154048438304731, 2.1485941557002532, -2.0027255821739245, 1.8742580879156239, -1.7603999781225776, 1.6589212823192905, -1.5680197704800563, 1.4862235337424969, -1.4123189989375866, 1.3452969567154642, -1.2843115577619539, 1.2286487842676916, -1.1777019388971675, 1.1309523958631533, -1.0879543430793526, 1.048322583406857, -1.0117227036089649, 0.97786309254948978, -0.94648841592186428, 0.91737424725425154, -0.89032262361322401, 0.86515834593173813, -0.84172588285858518, 0.81988676676454031, -0.799517393413128, 0.78050715452801944, -0.76275684632068941, 0.74617730790818881, -0.73068825214163047, 0.71621725819865334, -0.70269890075861918, 0.6900739949750484, -0.67828894001357065, 0.66729514681110236, -0.65704853806917918, 0.64750911042760639, -0.63864055035715572, 0.63040989662759073, -0.62278724330194812, 0.61574547812117908, -0.60926005190816035, 0.60330877526341586, -0.59787163936819288, 0.59293065817130197, -0.5884697296286352, 0.58447451400017703, -0.58093232749824175, 0.57783204983055581, -0.57516404439925861, 0.57292009010745548, -0.57109332389329104, 0.56967819326156799, -0.56867041821813047, 0.56806696213550523, -0.28393300559612938
